1790 920 23257 6192 18547 31576 9494 9093 9092 19375 2537 7214 1642 16472 30769 3537 15296 8607 19459 17448 17668 11893 21186 27782 16208 19362 30861 23430 30832 6060 2467 11222 6302 20265 6988 13317 24979 12615 23418 12443 21787 24200 29072 29890 26568 28658 9455 22917 23052 28027 27053 20624 27962 4799 389 18202 12823 24405 28771 7881 23083 19390 2250 26524 8828 1676 26563 21780 28805 11781 14213 23285 12494 21072 18224 26211 25061 23305 20902 19289 22251 29975 11689 22292 15903 21687 9967 13703 32186 25176 18271 10478 27473 20970 13108 20820 11749 30903 29116 8978 
27770 9213 14375 22788 6972 16803 2945 28501 11924 22603 23162 16920 16133 14382 18812 30600 31943 30439 8831 24908 9453 14609 20841 18396 9858 2217 4915 20441 23673 7175 28562 32314 16231 15722 10496 4582 19919 25412 8626 16666 29024 11361 5668 30468 30089 349 8776 1781 12050 4274 4525 7085 32300 26657 11837 12002 28804 23737 152 6704 364 18030 15316 8046 5456 12278 29216 6732 24675 7263 18875 29290 12366 18020 10165 16713 9520 16942 5731 29276 13699 30780 1231 30499 24438 7374 1320 30769 15637 24536 25539 4433 1542 32469 19732 14736 30065 22184 12714 21345 
9535 22677 11730 25313 525 8704 26696 28651 27572 10995 17791 17583 31221 15126 20534 15062 21730 23696 86 8387 22446 3075 24160 13970 12396 5043 9027 19380 16299 10358 27697 14338 32462 2212 30964 31955 8180 16722 25728 10065 19093 21259 9987 10982 27832 9707 20022 59 27618 25720 3484 14398 12564 26744 30564 24770 10680 28916 17854 31923 152 17137 22454 6002 31764 28923 4164 1792 28426 22157 3875 21006 20337 26343 32396 13056 8245 416 29032 5564 1840 10382 7121 27380 5133 14506 21227 20372 14217 16131 30458 5378 29806 21630 10651 8885 25969 27390 4358 21496 
19938 25037 4108 16711 20616 26418 23679 15211 8015 25095 3571 20689 27044 31524 29316 16543 3019 4668 15816 10248 27572 8943 14421 24782 24289 24504 27031 2980 8927 191 18873 23998 11234 3897 11690 4523 30267 1544 8448 3874 7927 1792 8707 11244 4055 15621 31269 4315 9750 1538 8447 19047 1365 14369 9483 7825 21942 6047 7049 23275 19294 4710 10122 6924 2335 12167 26150 24701 7017 7421 4749 22371 23890 6421 15489 1145 27657 31453 27448 27158 18556 14831 330 5941 32636 11485 22895 26354 30166 2237 2751 21281 18660 4047 5064 26239 10442 25387 2059 9278 
3363 27752 9570 28009 24795 5959 26645 22078 17731 25295 21952 6791 12832 18815 17609 13371 13982 9743 17823 1774 24989 24670 18346 2443 1095 17655 18633 18774 8519 24934 23343 27532 30532 17189 19504 2850 8246 1258 32573 30943 8583 25787 21866 14705 22500 25394 19335 22517 7089 11743 14547 10895 30620 6880 22436 24789 25570 25277 13384 4284 13460 9619 28165 2464 30635 13171 27593 30702 17514 1191 24695 30141 21019 9198 29475 15045 27968 26209 32661 30376 22842 11295 13304 18096 23365 27562 24637 23644 32530 27770 13322 22317 10288 30201 22610 12495 11400 10227 13315 28723 
26388 10467 29013 18086 28834 8212 24619 13000 21326 30450 16426 3705 3826 29943 14486 13069 20236 14086 21185 391 29641 14538 13277 6608 7990 3764 20494 23697 5854 18382 11352 17669 909 27096 22008 32412 24395 32313 21354 22962 17833 26964 30659 1279 30337 25371 2191 15871 1760 5972 28581 27955 11957 19132 5874 32132 29682 9227 19942 24461 25209 6916 30062 2768 6525 24794 22157 13312 20882 30068 3573 17515 20954 24953 27247 16346 5281 4519 4428 31750 27935 21407 8412 205 11785 28396 17212 9327 17436 17980 518 21310 27301 5120 6134 18915 6084 28245 27921 25163 
18833 32321 15293 17928 313 14117 27578 28133 4168 9590 18379 25047 15360 5853 13382 20969 22776 7002 2589 24271 8376 27181 31209 30449 18187 11317 27910 31163 30701 17310 32240 29121 1591 6055 15348 22917 3190 24650 5581 16606 11485 24422 129 29325 3779 227 29220 23375 12036 20040 8539 24624 12778 16624 1463 11360 18340 20782 19784 13449 20438 19694 6401 1301 15124 9034 1139 16579 28747 19565 13088 24732 5445 30863 25973 19012 29299 25640 16740 22310 3418 28118 546 26139 26613 29058 19274 31017 1470 10340 6245 9111 25806 31567 29706 2666 11119 14559 30573 6853 
8298 23592 10721 4392 25910 24377 14247 19985 7297 17512 9970 28684 28695 23085 10164 32350 19132 15949 5914 21260 5 23250 24049 32536 3335 20694 31340 1846 30824 28260 6901 9389 10874 8371 20227 21666 12414 8062 7441 30530 21341 19263 27366 1265 1283 14436 2569 422 19935 27372 12719 3263 31437 8884 25312 25143 11643 9527 30151 29376 15551 10180 28524 1100 23281 28797 5603 14716 13380 7277 19138 14085 11583 10475 14384 31471 10512 22174 21075 26110 13539 20660 146 26445 30852 9418 23642 6240 31516 25475 5386 5543 11624 31946 5309 16388 4483 408 21717 10718 
6343 32204 19029 19571 14037 9745 30780 1479 9737 31175 197 50 26629 14606 6540 23401 5300 399 29995 12758 11419 1837 25149 2524 20982 4334 25448 26776 1861 15431 29415 6419 27489 30769 1696 27479 4990 8601 6548 31900 5314 25360 19222 29424 31988 13343 31819 21303 11931 26107 17442 31234 1013 31614 13707 1109 10164 6223 22034 31657 21004 14229 2713 32752 23742 27904 30548 21252 30973 15931 19418 17217 6345 32374 1076 5692 27295 6867 7400 21095 3927 14026 21268 16262 14310 19026 8250 30661 10910 19301 10548 16075 8572 19358 24138 12466 501 13465 25048 16335 
0 20862 26147 6402 5004 25650 12184 28666 23678 14920 22681 17052 29971 1544 1801 5425 260 5490 3383 8281 11836 13751 4652 23991 13752 11096 28086 31812 27431 10141 8048 3379 21852 10664 9878 15891 12464 7869 27579 5069 13927 251 30612 4319 27041 16736 26679 4950 18714 18042 2414 8485 13854 24504 29086 20728 26077 17694 26041 6453 21441 32764 19141 11971 5942 10467 31546 1832 24539 8750 24087 9508 21069 22981 3942 23259 7353 19200 17187 14196 5434 5621 7800 6411 11159 8749 7133 17902 12407 7984 2728 15874 26175 11500 18572 20589 2970 29468 32743 7294 
21016 28430 7397 21158 12831 30745 25033 30298 2072 16482 25384 13542 26931 26971 18558 25238 2693 19908 21069 10857 30863 18290 25639 18971 2207 2322 26304 29310 11995 25481 2534 19094 27963 585 26034 31380 17670 22286 8078 13626 6256 11998 32713 30135 11754 15952 26764 3919 13023 19979 29950 15235 27747 2935 24711 3377 4958 25152 22671 23897 9817 111 544 18713 12866 20620 8260 28547 5010 3148 22863 15639 23478 3318 17683 30735 29609 7499 26044 21770 13695 13450 13303 28127 25294 10 10118 23887 394 4185 15452 20518 26680 23326 4231 23543 22150 742 19268 29853 
15094 10162 3571 6443 12081 2122 20539 13352 14961 20931 12883 32688 4968 29962 29287 8936 19262 5666 4276 14317 29961 21872 3939 16256 29322 27043 15883 30102 3642 8514 12 16466 9478 5780 25337 6612 13077 18857 13158 17817 19373 8905 22244 8530 32283 21398 29290 18630 31912 7712 20757 28375 19048 3780 27571 27151 11673 2635 19010 21473 6421 27695 32108 5799 13808 15085 10734 31621 29199 15569 1853 4746 24359 23818 13581 111 2114 505 25765 25409 5380 4615 20606 14521 21108 4517 15429 24750 28787 22530 16438 13912 15725 15784 5277 28596 12458 31080 1837 1904 
29407 17675 21237 28668 3542 21421 16996 13280 18156 19419 11651 19342 18609 3568 24041 31545 16431 14225 26767 26545 10276 18641 6158 961 18544 19754 22115 20625 25947 30467 10593 9873 22630 26600 20861 1112 17428 12486 23925 439 4351 12487 26728 23379 6048 7428 10857 327 25730 25114 12593 8945 10928 8761 28937 17406 8931 20512 19250 28741 2863 623 28314 20296 27580 575 22611 17115 21038 17223 10254 27886 20712 16315 26615 1239 749 30159 18197 1718 15863 16145 5375 23717 31118 14542 17930 15237 23566 8153 21299 3616 30298 4830 14175 114 19732 14580 15788 11320 
12137 18014 20071 5746 18254 17101 13186 9027 29888 1313 27620 30523 2369 19454 8902 990 28567 13783 22400 24050 7015 8973 24337 1207 25176 9018 23373 605 6668 22203 12926 41 18818 1049 22578 27445 11466 7711 13502 10457 5540 3800 25500 9583 18034 11948 31192 22523 23918 17165 21892 28614 11750 31540 9901 25140 24756 7966 12292 6566 29441 24296 200 20551 11551 883 20655 13493 14948 11549 30285 13039 27103 2226 22217 32104 16580 15483 18008 29883 2244 5332 12856 32511 2594 28377 29752 1125 26898 29639 3889 21804 1774 20170 8763 7699 16198 4256 1642 10402 
10430 32274 22322 31920 5660 27181 5235 6295 27788 1044 21487 24394 28049 17666 25596 18173 20281 32629 21721 13762 21259 1410 12314 1570 29430 4623 19624 32488 10791 16108 1460 19047 10125 23535 28987 20575 13444 10282 10482 14831 3135 595 12910 18983 459 11014 5302 15896 7577 19722 9910 30558 16080 8416 3848 7757 28112 14945 29715 25069 26146 5139 6031 10466 1971 15975 31635 15620 13918 11047 30783 18143 28297 16689 25280 26359 734 31402 24140 31310 6397 2441 25755 7033 10973 6672 11778 9406 24556 20677 1362 4958 8182 667 30151 22141 23982 10892 16293 7164 
3054 21842 24122 19414 27279 19688 4241 72 927 2949 24298 23084 7245 29180 5553 1805 903 25679 5940 31150 24753 20434 18266 13149 7921 30521 15354 26909 10715 4493 30620 2653 16617 4279 8126 15578 4852 13542 27853 9666 6445 23080 19324 4616 21841 20879 17464 3724 7728 17665 20318 24607 15462 30257 31651 28971 13583 29931 18365 24195 11648 19564 6932 23087 30059 22582 1235 15170 9413 4542 28072 20084 22083 30634 17222 10208 12960 24558 20504 26614 9813 19655 14730 10389 11023 20941 26097 13940 29108 31471 28901 12687 32135 32315 26839 9985 30624 2634 16800 17290 
28384 18112 29430 9128 21122 13025 17937 2486 29219 11218 14639 3985 24389 6689 10321 14666 32454 24001 23806 14082 1664 9070 25979 8085 2807 12688 2022 6922 14005 12290 31155 29869 8109 26519 27129 29276 16415 29190 13876 4745 32722 19539 22047 1058 10052 29713 7003 29602 18888 7604 7017 26160 10024 15579 2223 17708 9810 24101 2172 8792 27022 21936 16572 10173 18812 5451 25552 24307 8708 28211 13276 24305 8894 20316 31588 25625 25078 29877 15524 9727 201 13982 29987 22610 17419 9879 27160 8866 4006 28787 18206 7167 4234 22466 6590 32010 16753 31203 12854 28311 
905 16212 30482 1799 5372 31334 28250 9110 10725 20209 9631 2744 11022 22829 21536 19296 8027 9834 6422 2895 31735 13302 12836 11131 11093 23921 22600 7860 18897 32308 19166 15750 28499 8718 32530 12731 24405 28079 6699 31958 14453 6157 26108 30332 21019 1544 8774 26470 24047 3585 8028 2283 26042 16144 5960 10375 3872 11602 17511 5954 2865 27148 26852 26808 29327 5878 9475 30553 32155 9466 21377 4523 24995 14693 17302 9666 11676 18061 12567 5980 32486 29242 25876 1760 139 23370 4998 25049 10006 26038 18830 19510 27870 2852 16203 3936 30702 14922 31476 14796 
21320 17860 31863 28873 16429 32384 4879 14021 29250 22883 16655 19957 27932 8966 30372 12748 9964 1985 24258 12039 3950 13057 3823 16641 26325 1965 29531 4326 21623 26319 9242 11268 30676 8967 26650 27863 3577 16871 12364 3943 20589 12815 16090 27835 23216 17385 5353 6444 28608 21849 26152 6169 17248 27809 9224 3066 30702 15427 30037 137 24869 21381 16860 15958 16197 9313 13441 14132 16944 31859 30563 7287 3347 3719 29377 23606 21290 20080 13721 13793 30063 9462 4942 13943 19126 32156 26377 15416 26449 4743 515 5855 20095 24424 7272 2820 7326 22382 23161 7882 
10114 27868 28478 19448 3962 24808 19352 11365 12756 11914 15055 30842 21439 27258 18465 8514 21222 24987 10042 30583 9117 8463 31448 18496 2443 19625 13130 30336 18570 4117 5304 5119 28181 30743 24791 26458 30078 25835 3678 30686 5442 12753 19680 789 20303 27480 30572 3797 2567 29807 5797 11312 12759 8495 3894 14377 19354 13420 14354 28900 23739 14514 3360 31621 15218 31980 10412 11352 25415 16615 18739 16037 17766 5539 205 6118 15188 955 4154 2506 17393 22497 3995 16286 768 12929 16084 12275 7967 10868 103 32100 1675 17072 14266 11824 4058 20644 14950 6962 
25762 21755 9368 29226 25808 24439 14067 30147 26843 23938 21733 2438 14832 72 30882 31184 8467 27970 17799 12897 31853 25472 17480 2060 19496 23673 10730 11842 16489 23031 20523 18876 28119 11758 10280 10477 6910 21041 29805 17550 14078 3511 21976 20107 7534 18204 14641 29611 32682 26003 18492 20038 8439 8802 16533 26960 23111 14277 9951 12029 16823 17298 22572 21857 685 21728 20508 28068 23324 13847 21469 7232 20103 25171 30907 27376 19438 11954 11359 25158 19655 17033 16062 333 25284 25673 28319 17061 13046 28730 10591 13009 972 808 29412 24705 18261 25460 6898 5050 
20654 29639 1572 6248 23778 24879 2697 22604 31432 9597 3473 28304 32125 4152 27060 12357 14439 31372 6980 18271 23542 9699 13318 26684 6373 22529 16716 22593 4767 1353 28575 25547 18665 5788 5716 15018 7735 31350 22704 28918 1012 26142 14132 27826 17659 16897 22170 4953 8350 30511 32020 15853 31971 3378 29832 24943 30753 25798 16521 29597 6974 6336 26214 5350 23801 16559 29823 8302 7355 26200 30293 23909 26519 30543 10782 7135 24467 9016 2985 24043 18119 20317 2614 11699 12121 17845 15411 20580 2004 26977 17533 2649 21020 167 13846 21368 8134 20170 22020 10990 
20690 30433 1173 5700 17442 9153 19671 13938 32657 1080 14352 3850 19691 31691 30420 25292 9804 19056 27186 27635 26887 15390 19623 29459 25225 32020 21727 16643 3927 4742 30129 2615 29801 9311 1882 12781 26797 32605 6887 28662 9426 16621 19508 12144 14711 23828 27714 786 17084 22843 17653 25516 32665 10518 26823 27555 17928 6935 22287 32135 4753 7783 26391 25185 25112 2015 7575 7884 24200 9359 26247 1568 41 3208 12187 283 23878 15756 17884 21470 12240 27979 69 7535 6137 26291 4117 18192 28424 1152 3851 11742 18762 30387 370 31039 26066 12751 16046 6277 
30152 12404 31192 5607 31045 620 5943 26495 8841 27667 17752 20413 30001 13509 21740 10634 25379 9207 4100 26438 6410 31414 20065 31618 11611 27179 22584 3284 14728 7236 25240 28182 20134 9030 12659 30920 23210 3960 17384 1291 15191 1111 31809 13549 3048 16399 20479 19193 4630 7455 2414 20399 10300 26190 15616 25666 31788 25269 13951 26574 3155 6120 26383 22254 17317 4630 26276 29661 24971 26469 28655 25254 14719 22336 9539 6869 25264 25421 19247 8404 6403 8436 21776 32618 15875 32434 16006 27102 9954 4037 19970 22970 17960 9753 21237 29632 10187 23718 27722 3646 
11614 3413 4700 25986 3817 22812 12231 21324 8925 26340 13916 12710 7833 356 473 22712 9561 27039 30349 12451 13258 4349 11752 12545 651 20556 9663 14847 29826 18449 6748 15920 14729 29020 17763 20630 27464 327 17190 6790 31020 25733 18350 32643 26100 16264 22306 998 13275 27087 16221 3471 20941 17182 26792 18225 8471 3012 32533 7015 32154 18114 6615 30336 11405 19948 16588 27263 29326 22974 5997 23222 20301 26592 10451 7029 15877 25037 22230 25116 11953 24512 27050 1343 23212 20061 8248 3844 22149 27665 2000 11853 26169 3395 30067 791 17107 11167 1111 21339 
29829 15874 9487 19576 10935 32108 3626 6236 283 29177 7160 24926 29692 9479 2555 25844 23665 2910 2639 15929 908 29274 26026 22132 17718 32589 31489 11288 27798 26504 13790 28405 19680 2938 14794 32081 6286 31856 19136 12968 8781 31144 8491 6620 6022 31666 28312 10008 13579 20869 25585 24627 12518 23078 15676 975 17506 19457 10951 9337 29806 20759 17657 21531 25623 13545 24844 9135 1240 26772 24354 2127 29539 19325 29502 18388 7935 6586 16228 29604 26862 19168 23148 22878 20756 18193 8010 4488 14559 21973 25921 2755 1243 28754 11569 29788 27363 26178 26952 22274 
8125 8319 7687 25069 10897 6248 18098 18235 31591 24294 7261 18267 10037 21458 21612 25256 5187 25244 11848 11716 18937 4830 23223 17168 26812 17091 1161 17635 29994 24550 210 27648 10590 26551 32325 19992 13683 6253 26902 22435 28233 13278 22909 15433 8817 12355 12190 28765 6463 26517 15823 4140 25605 15992 26840 26661 1943 26590 17525 31919 27241 12845 28406 11982 20918 20787 7360 25681 17481 20103 27705 26497 7968 20413 12807 13649 28772 30595 11664 20330 25695 196 20716 5707 18933 14246 21812 4590 21098 24667 10022 26991 9511 16875 24135 19472 30725 22303 29781 13500 
9615 26955 5678 13196 26533 10416 29472 15289 24905 10014 28536 11694 6323 15834 32426 21931 12896 4016 20523 27590 23427 2259 22230 12942 15792 19118 29496 18593 16495 2930 10801 30567 26934 16316 122 9539 27275 32319 31883 29558 5803 24585 16176 28307 4832 29715 17717 15871 6092 3546 16154 30425 10667 13072 2054 30497 14507 26463 15400 16731 27633 32241 13431 8712 2247 26547 8911 25946 4958 14766 32171 16322 31473 12186 25417 15657 21966 8093 21584 5691 7431 27702 30111 11586 22967 29345 30858 28415 4646 25852 685 23278 10667 11053 12573 21012 31505 5540 406 20563 
6184 12102 25183 22638 10949 28554 8129 30577 28456 10468 23185 12871 28182 14339 4679 7458 22052 3745 20407 1987 977 19110 27893 7224 1944 19962 11995 11272 5593 31487 31031 6446 2544 732 20071 27272 29670 32424 394 20893 8010 21292 22793 30693 13783 11021 22172 31547 23120 12425 6303 14900 24465 13235 28834 21471 17929 27646 14517 19253 21729 17059 6044 69 28347 9330 16019 20838 9148 10320 25116 31710 21498 6190 17439 14117 14300 9987 14314 16590 1498 11024 20855 15629 985 845 25923 29247 16390 25855 4379 5549 9210 3679 18922 25906 11668 11048 32365 3163 
30937 31287 26119 2434 13024 11844 1626 26917 13339 17276 25071 4394 27328 7235 9044 18066 21388 9081 12330 20629 16931 11247 31809 32335 21861 30165 3876 20876 8246 14631 31477 23416 29698 937 24515 12964 3689 759 30924 20051 17406 1156 25919 27589 26518 5811 23447 10669 25568 15904 22246 63 4603 8606 3823 594 29092 19348 8710 25384 12945 11239 6990 20208 8940 1416 21347 714 21493 5625 26636 17918 19019 31376 10877 18285 12102 5071 16179 28279 1808 9368 28065 2015 4526 12614 13406 2472 15702 8595 11873 29311 90 10905 8899 6047 30123 2362 20435 27531 
18659 22855 5531 13344 8129 23744 29054 31951 14558 15905 28725 24948 28622 10797 19974 1552 17277 27188 12835 18270 26848 22146 23419 3858 4299 14714 23312 30760 16223 31962 14130 22103 10117 27314 1959 11716 28830 25464 27681 32410 26204 10003 25503 11086 14814 20532 3915 24834 5707 10793 4765 14663 15812 3254 25697 16837 17727 15550 17939 17712 24420 24736 9539 28396 25900 19229 7710 23344 7501 8881 26755 9775 28733 32736 6456 6614 27653 30038 17250 6918 29393 2226 1477 30720 14066 20286 11980 26231 1106 30854 28908 31251 27552 19855 3023 246 13682 9736 29589 7753 
2143 9208 7441 31055 664 3216 24597 1568 12328 31458 32191 7050 30805 29704 7940 16397 26095 14976 17070 18196 19632 25118 5791 27250 3963 29475 16193 20586 3196 18228 10243 16920 17074 28433 15935 25570 23142 13913 2943 29607 4485 13313 11159 32047 12947 7035 19119 17292 8614 19087 5361 8543 30405 29794 3966 12418 20016 23637 15561 16665 17031 28421 30951 25742 2208 1302 22076 29652 19515 4664 18369 12935 14787 12960 657 30565 10949 21681 6081 28355 10070 30677 1914 29545 9537 26302 20851 872 7864 29977 6565 8532 7721 7882 22466 2184 31582 5172 22834 9628 
14280 15026 14639 32005 5658 9052 21408 31654 1783 27931 26102 14264 21821 27016 3593 28486 22639 18625 9869 16656 26469 17080 11919 7383 10812 12261 20405 32247 2844 8366 22526 5234 13170 4339 6168 1014 24175 23170 31630 11738 29366 12775 7970 26886 28202 3394 30744 13265 29634 1946 14547 26933 2137 29267 17614 9598 8597 10800 25142 8720 14467 14749 1693 2635 31900 18619 29392 12623 24907 2315 15008 9620 3614 22938 27760 8540 10776 23809 18627 25584 16804 11968 237 3519 12908 18691 21996 27849 13330 3631 18970 15147 17997 11396 20638 13578 824 1133 15518 17053 
21865 8039 7934 18131 4568 3295 23177 493 10715 28902 3425 3012 15234 25371 32321 30946 19588 22955 27558 8113 27604 23393 29813 4154 687 12592 21668 13341 15840 26876 31641 24813 23311 13323 11531 26453 29105 28843 17829 30286 465 28803 10726 24269 16384 21035 25802 1629 7512 26019 8858 3457 16691 12083 230 3161 21716 24344 17020 21931 16717 4636 14388 27964 28597 31993 14743 25904 32054 29765 12921 18692 11606 12161 31889 2743 5030 18550 15644 21396 10944 8252 31305 30483 5277 15782 25831 21190 9528 11916 19386 14401 30896 25345 17481 28769 6395 30400 24052 21363 
6944 11516 32246 4768 4974 23323 29038 387 29254 6870 11024 6814 5738 18852 13377 21765 29920 13178 4818 14655 5919 16878 8953 30629 17663 21889 2672 10365 21850 7105 32045 28593 30702 21786 8714 16733 5985 22471 2264 20147 9805 17291 20916 3310 8333 5201 3842 24134 28830 20114 17492 12842 25984 17676 22725 1861 17685 23490 14447 12536 12419 8343 30717 3129 10056 7090 13283 6191 30953 25825 1085 19218 30830 18374 31762 20483 26121 22649 924 8468 10461 20041 18973 10092 28985 15480 13847 20093 3627 19090 23727 6384 6306 7400 21986 3291 926 16873 24739 19374 
6104 25429 28977 20064 31284 5944 13394 22450 435 3555 18156 27050 20641 17081 14756 2619 16146 25740 12586 17884 24543 16352 10885 23408 12969 14368 2029 16138 2609 19426 20774 26995 6898 32630 4495 7890 20830 21313 27082 7631 31887 11833 28748 16813 7357 18710 27466 23807 13977 4837 3194 1362 18697 2537 25641 3252 179 26445 23228 2110 17578 24048 20927 26511 20241 20897 14530 20923 20267 12822 29224 31081 28324 9472 31452 11565 23618 30892 23654 16715 25705 31108 22219 5674 6290 28841 21442 27118 24150 23335 3799 28274 2323 21129 17126 9235 17877 17613 886 10641 
11890 27876 26989 23948 4168 3745 32395 3026 22787 11264 24412 24418 14268 8679 16732 7322 6090 12798 5353 28063 25616 5614 17669 26630 27780 1721 11374 26137 14140 3950 983 31257 17566 7424 15916 28903 8402 6185 20501 245 1796 27832 3737 13143 26159 22672 29825 9561 19466 29795 12543 21669 31241 21869 7733 30779 19482 23337 16256 20217 32468 29848 27991 5286 6351 1506 8911 9150 8979 31080 29461 22611 14450 15353 17204 108 29247 10004 5942 32146 16292 379 16351 3478 19023 9101 29407 29260 1943 23633 21327 29258 25776 28186 4439 17629 7793 15493 23416 5224 
10656 32236 18624 18461 30984 25423 1558 8724 23824 9933 29751 24940 2897 3983 21595 11410 8550 4400 1647 3706 21088 30554 2668 15815 19037 26456 2411 13651 5361 4690 14556 5160 24626 24331 16390 13614 13601 24325 8593 24078 9975 18497 27064 4766 20772 8598 28318 21224 13473 9778 7489 15826 22815 20020 2232 17859 23114 9854 24894 24328 13681 32194 13375 25086 23103 24340 15325 28523 11279 5873 22862 4696 8525 22577 8352 19765 18200 7828 5947 7377 2459 20096 22725 14573 25339 19278 30961 15422 12398 14200 26156 3123 23668 4192 9940 1139 1896 14354 21804 14367 
11701 24646 15474 310 11740 11655 12041 15269 29454 18720 21262 27507 20768 21188 20128 31792 15575 18198 11857 30144 589 15218 12296 14027 12736 14391 11758 25629 12590 8253 3032 14587 31070 23460 17664 21802 19155 1586 29657 13733 4140 6333 26835 22731 3955 16409 13363 8506 20193 22375 3527 25931 26690 11966 418 27343 16487 3614 2444 16019 23498 25438 10793 25083 21533 20982 10358 6431 28012 7555 18086 15741 25895 7698 2082 2482 31582 21615 25422 7899 24723 2577 1425 2398 28468 6545 24418 27136 2593 21188 21328 11997 29910 18124 5459 7047 9088 10321 28656 29674 
31656 8454 29411 6244 11460 23444 16088 1346 22275 24462 19746 31566 8773 16228 9101 12355 28506 5559 114 3684 28715 9248 29597 9411 32102 8680 27748 23970 17767 7597 28867 26393 27290 8847 1212 12507 5940 15711 14460 29240 23203 5148 5666 11520 12485 24173 5608 27335 16295 25483 9835 24860 25486 5782 7948 16031 18258 25468 6372 10827 26105 29887 9502 31710 19719 22134 7443 21575 4393 32459 11915 18204 3740 12748 19150 7153 13609 21520 26019 2659 10465 20111 30786 4455 12239 29149 10292 20000 24917 20113 15476 21035 199 25842 17584 21361 3880 3865 32687 21764 
16967 26986 30723 29976 1391 16539 32196 32410 26453 19290 26013 17935 22037 18792 14063 19311 5898 30806 22187 8114 827 12728 30526 27139 9843 4185 2217 13340 30337 5272 23087 14811 31964 22267 418 25096 12510 32128 3071 32537 14150 11584 3759 20162 9911 17032 25359 18680 29842 9725 4737 24544 20685 11860 4078 11222 22932 1044 12117 4650 796 5022 19824 13521 9616 8423 5767 1962 4111 2911 6783 4317 7892 28400 28349 14489 22243 5539 13432 18043 26880 6602 1589 26874 19842 31841 27690 22668 27681 3563 13810 18546 25448 2023 31916 11036 15633 27 26516 31965 
1762 4500 9142 31507 17977 7389 3649 17789 10632 27333 22299 28133 4016 29120 20911 2900 10164 15505 14225 29088 3244 15827 16833 5751 6531 30070 7645 22167 27467 7285 8261 2097 21820 9040 15451 5821 1586 9008 5457 25972 14920 10759 14162 315 21008 28316 18123 10517 30844 31379 13894 19552 19315 5480 15585 9132 29737 6839 1057 1362 5565 1340 11531 26567 29190 27480 13457 1601 4636 12750 19027 29194 19634 12289 928 10530 6856 3976 6883 7165 23940 19356 15787 18427 10352 19307 16736 30807 4675 28471 20850 7869 20323 13202 8856 29638 622 8609 11832 3416 
22472 22692 21940 27126 990 25937 24647 30830 32347 31705 22446 10119 16482 21690 16301 7823 4083 22055 27333 8018 13886 22188 5986 659 15027 596 6505 928 30792 24544 30715 19803 21032 18236 10419 15391 18902 19929 3743 20628 1899 3330 32733 17752 28282 24308 14184 8398 25146 1501 8235 2245 26737 22595 20614 20980 11021 19400 5090 31681 26627 10916 13559 29292 17658 18775 2404 14828 7649 11676 5154 31820 23351 17128 31726 14460 17575 13901 13199 177 1305 19578 23422 23652 8904 1087 17219 10811 30705 17476 27801 15144 25675 6557 2527 29099 96 19622 24601 13966 
4297 27252 8056 6092 28020 29596 4801 3410 616 11835 11986 3680 4265 22859 2632 3142 20097 31475 25841 24288 28979 12889 18574 12106 15217 17677 18319 8392 16412 7937 12666 28543 26601 10665 8102 13578 6057 12199 19536 3260 28264 18819 20906 10611 16727 8176 32040 1438 2878 27739 19185 31452 25945 4475 21368 25872 14443 19239 32228 1504 18842 22477 27797 28276 17188 14509 31908 21143 29402 31271 21692 18519 14432 1825 28836 20965 22170 9727 20094 18215 6584 950 9130 2754 28209 15473 9646 1800 6256 5525 1226 12670 26290 24324 13071 9214 6716 9516 1843 24563 
8821 16889 12749 9281 13330 31663 15126 12889 24071 3570 8157 13844 15981 7735 22016 12487 13470 31107 8844 30517 24384 1625 32537 1451 10632 2293 9012 24100 10712 23443 6569 29068 10297 12911 3579 9226 32752 29938 28373 7926 14430 15097 27454 6833 31661 27620 10590 25261 32465 9944 10633 503 5612 22712 1814 1242 225 31449 16391 6423 10693 8083 20223 6220 5006 7311 23903 15440 16525 12324 13575 10548 8965 18477 21766 18589 20105 12715 8172 4962 17166 23268 31866 18074 2855 20075 22437 15982 11523 2693 6844 15502 26801 32719 14406 31320 196 14379 13941 3595 
31200 4963 23999 26854 29516 12517 6390 32632 884 9320 5474 21454 10674 28251 22049 25584 21007 10135 19084 22484 511 1474 6900 1265 30965 27737 4153 13549 10923 18033 17830 7116 27700 27201 19796 19546 6291 26003 7896 10768 1441 6744 22198 13967 619 25628 15343 21479 8135 1954 28451 24768 19027 19837 17415 8776 6474 16248 7574 18588 4384 7396 3805 16088 30126 22850 15235 5315 31887 26962 28897 475 25380 20000 18475 6274 25402 19700 14447 16667 24267 26717 16021 5283 28591 14163 3838 4082 1761 30209 11191 5719 2383 14709 129 10482 26902 7132 7664 28397 
78 30548 15862 32390 22699 4455 17146 14796 15038 2550 22859 2052 16652 7167 30461 15308 19200 7737 19347 1942 30387 27079 24486 13966 1202 16424 19077 6567 1671 5883 24439 2126 27844 7088 24372 612 494 13442 3167 30929 14314 16323 1409 4692 30776 24337 16451 29576 6483 29380 4663 16348 1952 8606 16693 2677 21763 17287 22261 23483 22584 11651 10027 30526 17587 14031 25630 32583 31800 9861 22556 6252 6747 20065 17711 19192 16058 25569 3984 21201 24770 27786 18188 9221 26391 24005 8452 13443 29745 10643 23290 6654 23928 4636 24739 19661 2475 3860 32628 27859 
14970 26902 30094 21511 3840 18603 7408 28914 87 31195 27523 10289 26746 717 20277 8931 25905 23847 23030 887 27846 23406 20714 10420 26591 9258 21487 2312 12055 30184 11513 7652 20075 32761 16387 29849 29403 3355 29659 22463 16387 27208 4065 19375 2080 20993 29820 27634 27246 26250 28174 28682 22489 5747 23494 5985 10320 19451 7968 3640 4967 3388 23485 8118 8995 27873 19311 541 30543 27164 19803 31535 397 11416 15018 24461 17369 5975 31053 16689 11406 20810 24055 13655 25706 3308 8031 10001 17677 26272 11978 16726 1327 24404 9731 20629 30314 32289 27132 24700 
6540 16459 18505 25536 17713 24408 9894 18603 11589 21105 24305 14674 6841 22203 426 6847 22582 18557 12549 15574 30354 1027 4597 28277 15842 3219 31860 17977 23701 24608 20109 18329 23404 4929 15522 186 9789 32284 20540 23979 4479 8179 6825 22798 32474 16975 15699 32716 32318 20600 8156 22806 12678 5 23467 16408 25047 30294 14375 25351 1355 24636 13204 10099 9115 18802 31579 2704 13799 4445 14608 22735 23167 21483 14475 11978 26515 9929 932 23910 24694 29443 7862 19315 22737 9741 31281 24440 2764 13051 7347 13219 15341 13292 5062 16554 27455 21844 4159 15303 
133 29589 7785 17597 17967 10075 6105 5238 23202 29117 16270 20528 23672 3758 2486 2197 28609 13220 26691 13773 29030 23782 3392 22745 23144 30555 8218 13013 12261 1684 13577 27452 2745 2115 3562 18064 29517 13477 5370 29989 7626 21558 20753 31158 27612 9638 4628 10176 18178 30602 14259 2614 1303 15268 8781 25306 14773 15456 23115 28095 2228 21041 371 5622 7395 11946 17515 21535 26805 14672 5709 17698 15564 30730 3701 7920 23162 8431 22294 28426 10119 8319 20703 3645 20817 24452 16932 2843 15905 4581 6475 9601 3796 12913 12156 23825 6322 20713 25369 20789 
27502 8179 9690 1444 6906 10517 22561 9985 13361 17634 27265 29485 20187 28610 9671 27483 11590 26113 19985 8329 30707 30019 2711 14281 12111 15418 31040 20234 6300 10438 19328 13675 27265 2472 19185 16306 2948 22399 484 13654 23658 32580 23711 17542 26392 19067 18465 2044 9208 15600 19508 3222 26657 316 23546 2050 18049 24105 12190 32193 30085 27891 29841 31926 32758 10317 30078 19674 19207 22851 21156 29489 12300 9517 7050 15222 13678 20114 25117 30786 28497 3522 7261 4602 9650 7794 29134 26999 2256 7202 7694 21303 13562 12916 14242 24276 26037 14177 4442 24957 
3093 8677 14138 1644 2885 14911 19403 10704 28015 30742 7662 15348 18750 12333 31360 10914 8754 3209 21110 12864 16561 3642 25419 21037 22425 18541 16048 17955 15984 11219 31684 8678 16415 4696 5704 3732 32050 23617 238 20955 13297 5455 3652 865 25147 14680 10426 29720 24425 24545 27680 1716 20499 28562 6042 19367 4326 5691 10095 26220 22077 18302 388 30780 12341 28756 17080 12580 25638 5748 7092 14262 10048 19723 1407 7118 29079 4238 22743 28562 6815 20710 17763 3542 363 17935 2229 28990 27022 16035 31466 23049 4805 14067 10907 12999 1567 18491 8143 31943 
27664 5565 3968 26342 19682 24046 26966 15837 14896 7242 29002 25961 19782 21821 17435 18965 24306 22935 23593 12978 21113 253 13272 16164 21984 31328 15155 16517 16194 13302 12538 2357 3196 14816 34 12865 13708 19944 14013 3696 18790 28042 26875 6845 9914 30064 751 2825 10390 25326 27691 13300 149 15483 4288 24862 21096 11614 9360 14098 30845 1301 31104 29816 31838 535 1752 25772 21676 18462 23822 24051 1383 6632 17160 23334 7670 25775 9527 24413 746 9302 28855 10807 26423 4815 25960 10220 10546 28996 31222 16484 10418 10913 26825 13024 4614 4670 27169 6405 
7834 5243 3461 13830 17061 30113 29673 29347 29585 14607 1359 22012 19914 17744 21107 26947 4654 3600 27252 14693 19741 9260 19846 16269 9188 5208 16434 25033 23575 32755 22741 19696 12579 18272 23432 32564 2720 26071 32658 3065 19418 30855 7018 23806 10751 12486 2644 18293 28228 32260 15378 25145 18590 16459 7881 23492 19506 28564 28961 9513 21408 23422 15096 19955 17859 988 32006 8182 6836 19074 26801 32225 32278 7783 23323 22608 7935 17443 18748 5965 21236 8611 15118 24782 19642 28696 26315 11136 2344 25246 16251 18526 26111 11658 24348 10850 22159 22991 29284 22578 
22408 17637 21110 26854 22453 21614 18141 23847 15264 20593 2611 12320 26587 5617 3150 2989 29505 1157 8106 12043 21162 32531 5543 14704 24916 25836 22229 26941 16632 9630 10710 29362 4898 30205 1886 5115 30039 24335 11444 28815 19425 31498 22089 16418 32747 21686 22506 23035 17821 14029 3418 30631 10651 11325 18335 3272 9828 20082 6546 11230 10790 31465 9837 20585 16973 10151 19860 15514 7216 1945 14756 19216 28951 30624 21616 5580 14852 13692 8054 2862 1656 25594 4202 24287 28007 10869 26108 30731 8803 11577 4240 27116 1684 18085 21151 3084 28508 22602 31641 141 
13967 37 2942 8940 23690 19139 30853 19100 7420 1221 31538 16247 3645 1666 1810 13064 17796 13231 2639 21093 24081 9171 7054 3748 5527 22937 18410 22720 16335 147 12977 18324 5401 13459 15724 5506 25083 8639 11581 21064 18522 27037 32114 18848 9885 22344 32425 21755 11074 23081 22003 11835 332 21976 31325 4439 10750 14980 25183 4998 10524 2301 12321 29311 24675 19769 28885 8458 3945 22945 15528 17616 26994 8170 27090 25614 14905 24934 401 11195 6006 15657 32093 23548 6599 17532 30669 31917 4362 14546 26740 29751 5122 25724 1177 18211 6150 22414 28330 8409 
9617 20242 29672 11083 7525 5672 11346 8860 22032 13501 31543 1895 14132 28519 14219 18013 28468 28802 32766 1742 19479 25825 21027 152 16400 7209 1416 18145 18846 29616 10131 21607 28482 6538 21340 19085 25647 5610 23164 6218 18744 18142 19423 9840 18284 22682 9371 27901 26379 5341 6046 25763 10362 22198 1094 14160 15091 25241 13129 18595 25973 6259 1380 24269 8879 8798 10263 29546 25224 28813 9678 8905 15058 15973 22728 20546 25002 17160 29186 4716 10415 9836 24243 19242 18022 12028 29388 29396 4441 18505 3380 12134 21766 7350 17179 109 30906 11573 13735 5052 
25516 15836 774 423 13076 31417 19033 8625 20391 18548 11822 3312 31306 4582 27939 16309 2691 10871 28540 11078 10888 18389 30085 24441 7087 12521 23702 20741 157 26408 10001 21953 3989 25360 528 769 24817 15476 22935 6378 9708 31416 14449 7514 14130 32136 4329 28001 9705 987 21380 7746 26325 29136 25713 28631 13920 30599 30545 21506 19407 19698 2399 31674 18902 3652 14876 28617 28057 25432 26040 31431 23909 24495 31816 27916 23 17267 31009 20261 153 4179 15013 25804 22978 31852 14814 30148 29959 8914 5674 26786 1025 20846 6661 17440 9981 18752 24866 21128 
20017 10501 12841 3439 10328 3568 19583 10036 9902 3987 14869 13511 11214 23980 6330 173 11946 8424 9225 22070 13890 13860 11572 22756 12488 15132 21680 28024 32018 8184 17359 13604 16204 5644 126 26236 14908 31793 5206 24946 12153 24791 27296 3940 10825 21394 7851 4481 23976 17680 22795 458 4757 20001 30667 14691 11814 17239 11080 28104 3424 2224 23587 3152 30358 21636 21257 18475 14840 26065 21506 11046 8867 19715 8293 6585 17197 14139 13495 24184 23017 31077 10718 12320 26427 19574 9655 27320 7871 22847 23129 32302 4555 1216 17950 20138 7299 24926 16226 18142 
11555 11602 10271 25449 6337 28453 27054 14260 20105 14196 2061 5202 5798 2073 6900 8299 17516 23802 8611 16683 11598 880 12841 3495 8742 22945 1147 13631 17681 6387 7945 29254 1415 16331 26833 21088 19389 11140 17489 12356 32216 608 12163 8435 10386 2565 6950 2257 32617 16952 484 14606 5904 10120 18829 24921 10638 27315 6658 26187 15510 12260 5608 12041 4958 10265 26246 3317 12459 21624 18804 10832 19181 18967 30384 21557 516 30534 13819 16375 6799 13866 26154 172 6905 23805 19100 26526 15038 29440 23821 4628 27721 24528 18481 18196 19470 12782 4919 32269 
21138 13178 25612 31514 25899 8815 14928 7188 30141 32600 4920 16774 20208 3001 1220 27205 3972 20601 2691 18767 6891 17620 17568 3611 8429 14149 6807 4213 28988 29088 24592 25219 15691 17314 23376 30867 16418 29343 9151 17573 1170 27388 18528 12015 32473 4621 12441 24320 5031 22116 3834 5006 24965 28209 20659 28101 22585 7251 25389 1684 3369 8893 5291 17248 8429 25137 30257 26898 17393 4358 22908 27846 4217 31301 30687 909 2207 8186 28135 10697 6470 14694 804 4322 23712 5444 14776 12109 29798 22201 7934 21768 32517 27551 27531 31255 4299 1212 24071 21646 
3873 19302 57 24669 15195 21687 3529 10889 7123 30374 11941 15427 13761 1870 23377 31647 27785 4215 4045 29499 21056 17312 19196 13748 10302 8580 13498 26998 10004 18973 2691 9366 31256 22596 31107 8464 16827 19957 16548 14740 4903 7057 4226 7928 14305 32517 10224 7029 6873 14010 28631 1234 26462 15695 509 17439 4995 604 8676 1307 11423 4533 12271 88 21247 8191 4280 1384 20133 27328 4690 2109 23956 13936 1624 28848 20212 19968 5615 15237 178 4532 20495 19631 23686 19952 17384 18672 31723 6664 28210 12598 15933 15138 19659 14097 20816 31179 10070 10709 
17030 12445 26819 7340 24152 19293 14688 17205 21549 25903 10073 18862 2524 9617 21949 23456 4149 5372 24193 4609 8225 14847 15302 25641 25336 7062 15200 11644 17289 10500 22450 17622 24959 17504 6280 31683 12944 6648 32080 28952 32532 28260 5736 24971 11359 8071 9018 26282 5872 24896 407 6134 227 24889 14409 12778 15875 15945 20082 13400 10439 10277 18812 31210 17967 9078 21446 1848 20325 4256 24101 29526 20059 10766 24566 6210 22088 4352 1314 15608 13908 26735 336 3822 13351 13792 32572 6754 17674 9262 17632 26763 19248 22456 24677 18206 20963 27479 3146 26169 
29837 6496 16018 24947 13775 31904 14979 27048 26584 20763 12570 7934 14144 29991 28918 31784 6364 18213 27604 5309 6551 31701 17092 20342 7326 22030 6291 17380 9140 2072 6254 2027 2708 24009 18442 21745 20145 2899 31070 8766 32609 11006 7057 11682 4907 16344 25734 29430 14947 26936 6100 1206 19506 18142 31286 1251 18647 29027 17208 24358 29079 19022 5060 18743 14898 22174 29725 27272 23826 29370 32001 15199 9453 27648 25630 16148 17615 19700 6494 20061 11507 29840 16894 11919 32301 17297 2949 4100 12276 15528 2021 740 29318 1418 15770 11127 7554 19610 24764 20004 
6017 7599 32388 15416 4522 6105 26173 25947 22814 23968 19135 14352 23050 9800 23899 3896 6914 19151 18886 8805 17515 1860 18736 16759 30145 2110 2983 14578 10675 23480 722 27129 13649 15180 19372 18176 17330 26044 9601 6628 24009 9488 28188 18218 8934 25088 20065 23518 13258 168 26670 10682 11129 4496 22907 25173 31142 21651 8631 11272 25514 10584 15142 2245 23647 12263 25048 11831 30097 24272 6487 15619 29073 19784 15930 3882 3841 12267 16532 19114 3444 7194 13269 26681 20956 29122 4204 6149 28190 7172 24277 269 24101 29670 23550 23838 24668 5093 1773 2987 
10667 10685 11419 1173 2321 20011 26170 24216 3454 216 31710 6327 2539 29049 25033 13362 30860 23000 30904 12715 19652 24373 12875 8847 9456 3569 28751 4754 18854 31052 23621 15756 20465 28236 30588 391 25176 4291 9763 6459 6780 23986 18802 10735 21644 7397 20565 19074 11631 12698 19463 2168 13952 24504 12299 12623 17833 14671 20663 12850 2124 29587 24701 26654 24491 1219 16022 18210 26157 23764 8438 20054 10305 8648 3033 17877 18345 9110 3954 24797 5052 17976 30131 5163 3522 3780 2399 10040 14986 8246 5622 14563 19504 32242 10556 32079 1376 27573 29476 11919 
8715 31374 9862 14320 32019 16288 26413 20671 29362 27915 12886 9074 9377 30511 18153 20629 6150 10752 16962 13196 15320 26948 6823 15559 27587 26025 5871 4748 25645 869 2 13558 11980 19049 15775 9862 11196 3371 22149 19344 24152 26673 3661 9389 19199 10651 10799 7733 14131 15573 11639 1760 17815 6099 9193 1239 25853 16231 32477 27431 10727 23821 6431 15962 19692 5088 14140 12065 15284 3487 453 7248 12481 4186 29348 3714 31664 3506 28241 7561 6079 18503 7473 13 10155 22845 21159 25987 11105 11110 31012 3231 21387 29914 28439 9426 14829 19216 8259 15661 
18369 24362 7778 960 26359 20700 7218 9676 25560 28120 19295 910 20661 24555 18179 15969 1669 8086 16922 8999 12668 29410 27424 25634 19539 13216 23115 8921 25162 18386 23001 10517 15518 14401 2042 26887 12035 5273 8680 10630 32685 28389 11334 5057 9534 26104 143 31698 32394 7206 19815 9000 22337 18423 29700 31007 1963 9485 556 16227 12833 2389 20917 7703 25038 19221 20454 31791 18800 10990 15106 3983 28609 23782 5020 11031 22152 24968 15211 31277 27684 17424 12126 25179 21768 16995 21493 14663 8821 7962 4172 16793 4087 12485 18530 5766 3326 18132 28789 6642 
27214 2367 17312 22227 10253 2819 15088 24869 22756 4638 1112 9798 8993 7614 974 7409 18718 23770 6946 3641 226 5190 14729 19734 18047 24455 31438 4059 23405 12007 11548 24832 18781 19893 20343 15478 776 8093 16285 21544 17778 19596 24418 19342 17525 8612 31575 10566 17467 29598 15270 21243 29994 22345 15219 541 17969 18355 10855 17716 27200 11131 6729 1420 11988 6535 28694 27186 22384 22212 6803 24227 17934 27415 11817 32276 6759 24545 8432 15454 22056 15489 28491 19435 3421 25322 21084 25878 20001 5808 8013 28434 30996 23890 5172 12449 14327 27681 2733 29192 
31683 25863 13347 12858 18663 18720 8537 14833 29566 5384 28571 889 4274 31395 13978 19785 20411 14712 1399 15802 24729 13637 30861 8704 8807 5674 15250 20758 20974 13974 6540 12995 23665 18846 18158 31701 29157 14109 2206 16601 10231 13079 1369 1686 5422 23803 1198 29020 9638 7235 11941 3942 405 1218 23125 4711 29052 14847 15779 1227 4012 860 19131 22108 8807 31949 16515 851 7455 15738 1861 26975 24517 25632 14605 4930 17734 27387 24877 1283 4801 7048 30274 12266 25286 10360 17501 30344 19581 18963 16776 24986 24825 30109 18567 32062 23216 32141 3971 7501 
8921 14155 10803 6734 29453 7984 29466 9150 10002 15097 25372 30904 17601 16040 9980 3834 26715 9066 715 13971 6071 3142 25365 15728 31116 25810 13669 3120 31175 16982 32141 30363 19303 28138 28279 26166 13600 27098 21455 5122 25624 28032 3395 2307 11727 22636 21694 13142 29335 23605 18288 7804 30289 10395 2672 839 29085 10141 12859 25602 20080 1510 10620 8325 2568 11157 12150 23705 7248 5782 8031 12255 19589 3320 10117 841 1309 26804 5862 18040 11037 25036 19330 24716 11323 32490 9376 8104 21923 24534 28090 27374 19272 13090 17440 10465 13095 21303 19995 22815 
9037 10630 20322 416 31677 1859 1196 26856 7936 3132 1080 30763 23976 6067 1188 18284 8219 11834 19213 6924 29664 3320 16444 7377 20979 25089 19909 5826 22690 27818 25203 3528 2247 25866 5047 27636 25243 1768 22875 25680 7149 17655 15044 29177 12063 7315 16280 17898 25128 22895 31133 29633 9588 16707 31511 26357 7409 32645 5591 12673 2336 32065 23252 19270 25129 18186 28472 13721 5447 3127 20801 9576 17947 24370 31679 27046 29826 8371 16066 32672 32645 11327 23237 30721 13460 15738 10210 21777 28283 22393 29195 1231 20809 27049 18459 12654 24647 10391 20131 6872 
9371 22008 7017 9181 6319 5760 12201 5702 2190 26658 12280 25951 18955 27471 19101 25263 7349 27077 17042 6231 13691 10641 18271 22706 4048 8658 4866 2500 8377 30860 18084 31757 16711 26240 22565 8334 7481 31171 12155 14432 2999 18827 16789 22541 27100 8554 9881 12962 18087 32212 11681 16455 8494 12825 31058 19902 21947 12926 26392 15023 4691 26457 31 27326 27644 22062 27986 24644 22260 21847 2119 21244 32740 22349 17403 8134 4186 11281 6114 7532 1188 4202 23305 7936 14563 12713 6628 2812 8474 27794 14412 18122 29930 20873 13395 8620 7559 16526 1867 29692 
1508 15681 1595 7849 29114 19609 10354 19034 11806 23306 12468 1850 24085 29219 31575 24171 29587 27999 27109 2096 29414 32434 21203 9922 27973 17065 20119 18619 7916 20190 26981 18261 10403 28445 98 13862 31896 29033 14422 11654 28491 21210 23896 32111 2352 22275 16850 23322 10661 6992 31544 14823 11366 1942 26878 27623 13233 27361 10866 29762 13057 11541 19989 12776 26133 1001 27236 4719 13016 32010 6695 14760 875 7812 18334 6514 31786 26687 31639 16808 1278 21184 12706 24074 19717 222 9435 13508 3 21170 32236 3761 18554 3400 19774 30651 26463 31920 28431 18588 
19586 22767 11290 32579 2089 19968 13265 11751 8873 29288 11931 3987 25728 32300 30173 31888 12498 4379 6925 23021 19208 15213 13666 13730 17313 27539 9331 10593 8710 6097 10681 15155 9062 15231 12061 12767 22847 4269 15804 16093 26571 12193 15896 20158 31513 17798 5898 21195 386 22330 6613 23217 14026 27247 32683 20469 15458 853 30444 28432 786 30010 20490 28606 15412 30126 30190 24951 13882 295 7720 9712 25400 2627 6433 28029 26474 23571 2697 13227 23638 30469 7517 22392 1913 30981 23343 4787 23476 31783 12596 31338 26257 1656 10636 28745 9334 22584 28839 1911 
14193 7184 3037 9257 4633 5980 31747 16699 8312 6280 8477 26639 4739 25918 9448 17879 7314 16272 31820 3985 10936 21590 27443 8029 6196 17566 25287 14294 10416 3961 26484 25625 26298 19185 6281 12340 26421 14719 6034 3639 16990 5220 9631 17429 27104 1358 17083 27826 28052 1224 22183 9128 28190 23593 31717 3957 29174 20456 8813 30525 17375 2383 21656 6908 6053 12367 8522 25584 19814 13094 15104 5289 21259 21322 521 32481 13042 9868 18780 4701 27859 28920 32336 3102 5335 24431 28103 16232 4227 21333 32119 26968 16405 31037 22057 32085 27967 13534 1051 23674 
28030 23470 5726 32371 701 14287 745 24193 16872 10570 22636 12723 19041 10224 30201 1308 3582 17242 8883 9709 23428 992 10859 15022 4622 27252 24957 25474 19807 3230 31687 29714 7859 13018 3059 24042 4796 3796 10712 672 29650 31202 886 1142 7279 15845 27202 18280 6002 32705 15865 32655 20348 3537 18901 5483 21552 7055 16459 18857 25431 28262 412 30047 21552 8211 22355 20379 3270 32376 20912 25083 22384 8464 10698 24729 30331 4746 2237 27907 7511 6901 5442 3045 23302 12665 16543 10465 28928 4687 17301 19171 3929 22866 2467 1656 25264 23129 76 6466 
18810 6187 11166 31617 8431 32196 28141 15924 28356 15777 29356 30091 32700 2766 15413 19690 15434 20093 24984 28458 8849 19828 30311 22901 17780 31454 7386 32352 31103 17000 23378 7114 5655 5127 16818 17515 7236 3714 13330 11611 30515 29971 29367 19346 10052 31071 11692 17049 22781 29302 6618 24100 18980 11982 21147 22404 14146 12807 27012 351 21834 11021 22791 7256 21806 30542 14537 10745 22104 22385 24829 9665 16104 20894 4209 10180 26913 28824 25164 15185 8759 28184 29087 3004 28061 3912 17596 15049 15849 12587 7742 9834 17205 925 15350 3123 26867 9906 17444 16934 
27460 17742 4763 13779 12038 22933 26798 15490 7831 29059 7481 31365 6618 8387 12260 14090 17735 12507 28834 6702 9198 24955 22647 16298 26646 30590 27295 23073 4450 26613 25882 5 25008 31531 6495 16535 22457 26699 28377 17696 31098 1045 2064 18814 9423 13724 18819 25474 16126 27362 16450 15913 7597 23510 23071 11131 31408 17793 1595 4832 16897 26074 1734 31619 11691 6432 5404 31882 6695 5232 22462 21917 21710 9040 14855 8881 29316 7662 4262 12280 2497 21204 21655 9409 18645 12616 13378 26471 28838 1045 24686 20497 31786 14678 3790 15336 1736 19961 22829 24786 
26912 8566 12753 24281 17043 6128 1160 25446 21474 7117 28716 10610 14374 1642 19441 12543 8754 12246 8777 21283 605 21934 8359 25435 30833 21014 4846 5834 15686 24691 23893 29649 18084 16434 9611 7662 7763 8987 1434 24157 8792 28387 30079 10450 32456 32155 20012 17973 20837 30796 5919 14947 10643 32339 29531 23135 22247 4254 11561 29147 9801 3301 5907 16412 32147 28699 19721 25592 31760 5688 13094 17842 9613 12626 13879 13403 3451 26615 1503 4183 12707 16470 16135 27641 6062 32375 28329 26813 2784 2976 11887 4995 14551 10428 1517 29713 26061 3830 1843 25716 
840 11979 31345 16227 21017 29037 31072 2499 26719 31594 17222 26729 26492 6961 5610 16841 28699 2345 1268 10510 21417 5531 29465 30129 19889 18438 9135 10937 20622 28014 22937 1404 25934 15105 30914 26893 23999 23997 21138 13450 27992 24969 3608 5651 24656 28190 25792 5362 28468 4386 8781 22459 18793 27855 9217 2204 972 18574 31996 21208 22015 22833 17855 22688 10317 19928 22148 11891 1096 21080 4598 25080 9494 9472 25356 17558 23498 27953 1916 29933 23021 18889 14312 48 32246 29667 17295 2440 16736 4270 5798 4242 26818 6942 2650 22821 23767 22373 614 17288 
28359 17259 12975 20037 25970 12336 30027 27415 19837 25311 5077 24203 4031 18821 24858 13878 9128 28684 15643 30623 891 14692 16045 15745 27474 18742 21407 15583 11396 14555 5010 10011 27317 10628 25956 27113 23694 1086 2189 10440 11012 18229 17470 24882 12232 18366 18634 16521 28893 18954 10234 29919 22394 23067 8668 10932 30347 4457 14021 30090 17091 10260 15076 15644 32650 10923 9991 17819 29632 11271 18569 20038 869 29056 14902 910 7925 12596 15665 10533 23125 30143 30327 6696 5979 23609 5277 986 21343 23683 24560 27382 1535 23076 11505 28167 3385 32761 2306 17680 
12789 22665 9899 6162 8460 11713 9930 7184 13266 12896 30341 16575 1907 11045 4465 19066 5805 6212 5435 13601 6233 20376 2854 24890 24852 26979 13898 19787 28553 26848 22965 32202 6378 26735 26979 4558 5582 1214 3964 8318 14923 4538 30008 23664 26938 18105 11150 17033 8860 9492 15736 26299 22156 14413 17474 28265 32569 13049 23371 19060 31882 27515 7988 24739 11321 15700 23736 12233 6359 13836 6022 8355 32284 5709 14979 25629 1939 4428 24085 13467 27291 29566 18339 12752 25312 2601 25458 11889 9836 20416 16689 9445 270 14609 13885 1780 3342 15373 4261 13800 
29379 16271 3160 10544 6311 25077 27412 21991 30197 4939 7058 30240 14626 5297 1187 11654 13918 13271 14113 23995 31659 5032 30270 5032 26208 23403 11003 8794 16938 29517 15873 9062 3388 29484 11002 27907 12851 20328 14191 10304 11787 25386 32511 5989 2561 28315 17565 28528 21762 17907 29964 10212 26822 26056 21040 21300 14771 9029 7545 25333 11051 8422 24441 21305 22781 11108 1822 17096 24177 4674 25077 11012 1520 6094 20272 12754 9910 8207 562 18905 11120 19996 26852 22103 26535 1699 330 25390 26094 27812 23808 29558 22427 11553 32471 11271 18013 404 3530 3155 
11629 27150 24354 20669 31596 32104 6842 11283 7382 15032 28007 10734 1632 17379 21887 16271 18464 4716 14065 6689 23432 14326 16155 16727 7684 13851 21192 32010 18399 1443 23800 26110 16052 6552 19424 20445 5610 21674 23179 27872 12269 5221 20816 13894 2221 29279 19312 27596 21365 25558 995 2363 15348 8108 3226 22043 7471 1613 28723 23985 17777 3514 23005 5509 29177 14416 18588 26309 23374 1343 12507 3212 701 30034 29165 31502 30966 24105 25166 31817 7094 32628 16165 1253 27579 12288 8799 3347 26863 30860 25641 14757 11830 12612 26438 13806 7782 2762 6242 10689 
22197 28962 32057 29335 5723 11385 14263 25826 10431 32333 8112 235 9695 16638 9109 22424 3839 25827 21011 12574 32064 8969 32610 27331 6057 1951 15428 11250 15929 18673 28355 7096 1671 32303 29580 27868 4994 8291 26499 2535 14052 22275 11692 32116 5629 10405 25359 16223 26142 31947 12886 28544 14835 15236 13938 362 8899 2221 1181 15177 17262 22621 19577 9414 15059 25963 6407 30607 13804 6015 11463 22804 801 27814 12724 15759 24220 23342 31961 14381 32606 28554 19407 7526 22401 4499 12721 2123 20583 17704 23515 16484 13712 22110 3309 11232 6690 16699 19884 16889 
13076 23883 2653 8105 17216 28604 31839 32419 27221 12500 5068 989 17023 2358 21489 1201 28676 24763 17108 22240 7293 14762 11824 6791 5477 24800 9669 3676 4105 11542 14394 21177 11516 4149 9303 17764 2490 13211 27161 12783 26917 25114 1322 847 20705 30553 6168 13455 20988 26614 26008 29873 22256 11367 1716 13154 2440 18002 9733 29152 4484 10097 15358 18071 29133 22124 8510 25958 25886 12420 30894 16582 29784 30007 18751 16226 15799 13088 12999 8827 17604 6577 20303 3089 9697 18617 6690 10698 30724 20575 31368 8661 27940 31086 3106 9603 4093 6658 8154 11915 
2281 18315 23103 363 6637 27125 4299 1234 140 20639 20495 9728 1994 13504 1653 27108 31125 12211 20750 20408 234 31980 5819 3646 8937 6874 1340 3915 32559 16838 14395 7188 15177 5522 31895 10900 17095 29050 4531 26943 1039 15301 1227 30746 14321 32043 7609 9364 25392 4426 700 32672 18555 5219 1591 14511 25820 2821 4474 9783 7665 11137 13708 6905 2777 17683 26100 3504 868 16986 4870 6891 17465 27290 25430 11824 21545 7167 19358 29815 19737 18917 24618 22069 20604 3606 32109 5869 9459 29836 32094 27076 24747 17688 19009 22941 5996 23685 23510 12996 
12061 17650 11936 26723 2089 31896 27057 14734 13574 23260 28776 24735 30692 4475 708 3979 4674 17840 31724 1336 7213 4768 1355 16294 32629 11902 10683 5088 1349 3705 29911 32578 12957 23422 22760 13378 32669 14771 10561 31930 5064 18964 9052 22878 12024 4360 20821 5235 14162 7838 15101 10343 17051 27899 13915 15167 26547 8263 3297 11648 18308 13354 3670 15964 9291 3436 13814 6109 17307 28978 6820 9044 26988 20010 24622 21549 28779 14212 18846 21865 5521 6473 26856 2429 14268 8249 24590 21445 21609 11363 6636 15705 9303 13230 11567 14001 840 32569 20004 30041 
11311 22787 14485 4992 14174 13692 17791 10817 29799 30491 5963 23857 22555 11826 17416 26728 21233 2293 5834 8166 28426 10965 26470 27499 31752 9315 8166 229 16927 22431 9293 12272 23071 31106 14738 11312 32694 3055 18683 18620 30090 23173 14963 18392 24074 1272 12668 24129 30509 10914 26809 26644 12975 24077 30868 6912 4599 4509 28839 12381 5248 8930 17328 30955 131 9599 4275 21279 16818 10576 11475 31750 20721 30301 23071 18875 9124 8441 11997 2718 7705 2421 15837 23511 6168 22651 10671 6970 25981 21197 29363 3520 31018 2381 21743 15187 11149 15913 25541 3287 
6014 26877 4636 15951 11478 19180 16032 15535 12850 28761 15394 6513 8114 2562 13327 2851 24498 554 14905 15420 13020 5134 22489 16529 2365 19034 5214 13429 4110 21018 24618 15472 2110 30652 5196 6769 16913 8282 17535 3035 26432 17238 4264 25702 12717 3353 9195 19790 23714 8803 6804 18625 21026 31701 20332 28818 19310 25826 19229 1403 25526 24094 15672 7821 12025 30894 823 5725 10784 6568 16680 21877 526 11934 30892 24119 17203 20905 21763 2942 12010 13460 4960 9085 10620 21850 17037 5357 3237 9065 29317 18134 31607 15699 10479 8654 15169 28592 25770 3226 
10013 7690 29355 27614 16110 22128 8852 7248 468 23569 16007 25832 25736 18475 27718 11027 14584 23422 19985 25834 13119 12392 10367 7582 5709 17484 4492 10707 17198 12372 7453 26747 16972 16321 8812 26293 28880 10633 7920 5938 17963 11917 32523 17938 26218 6269 7182 31371 9968 17696 31225 11041 17459 9089 15657 17757 22531 6935 1687 27980 10933 9842 27864 28184 3581 25493 18150 18077 9663 17944 22811 32345 23433 31046 4784 27388 20475 2850 9354 280 30266 1656 22471 31213 25018 328 11794 3257 11872 10067 4128 18782 25241 21636 10456 18033 338 25886 31591 27210 
23808 12975 19907 19561 31557 13169 1864 5392 16017 2440 29024 18194 7864 5490 3862 6985 12462 1073 4326 30502 7028 6117 25851 9230 22124 8931 14525 12140 10795 19064 1117 24077 11407 10972 12965 243 7022 16295 25041 17859 24916 1577 2460 11488 21344 30284 29056 11457 16408 11814 16045 20829 9177 734 3217 347 6906 26677 12776 5679 3285 19841 21780 21843 16878 25403 32523 16237 28099 1973 6579 16967 3072 8429 18486 28858 1832 11692 9817 32549 282 19527 32283 16097 28555 32282 17695 24963 31181 22928 15314 20284 11050 3020 23562 13767 3063 4651 15712 23846 
9810 21494 21431 25677 13084 26055 6579 28414 5033 31940 31565 873 16374 22209 13214 27210 29833 19490 2483 30891 21477 24129 5955 31510 9756 18349 23881 14452 1927 8508 26158 4349 1021 24700 26378 25192 20202 20272 29223 16294 1538 13438 28681 28743 19769 15487 9512 27075 18266 8838 30345 6952 15347 19055 18171 21434 6249 4173 15423 29646 29057 32186 27318 3284 15683 18184 9413 11070 25372 27993 18151 18772 14116 8080 27453 9948 12436 27939 19706 15846 16401 6140 20868 3283 16485 31471 3805 742 24066 4429 10304 3121 7922 23374 29364 12057 18889 21981 22338 12535 
27024 1836 13662 14504 20151 20565 10040 7551 7629 31622 29712 12911 1156 1753 21599 12625 7856 8526 11851 26915 26945 31516 16459 15158 12209 20101 30587 2405 4444 1033 16236 19827 14265 20331 7418 3726 17956 3781 7894 820 345 20121 2112 16107 461 27339 429 13767 17508 30550 5565 27992 19290 22107 28616 22402 11512 14706 10409 13566 20152 6203 7491 31586 153 15204 3840 14975 27955 23440 31822 20255 22852 3584 24081 30152 3136 27545 10502 4633 26937 6538 30161 21861 27862 14816 1117 17220 18367 21456 6470 9389 18297 15026 17999 29523 22957 9802 15183 4522 
29244 20495 8565 13324 32581 10132 23191 1100 4788 21378 663 27165 6293 21187 28605 23347 780 26371 7081 2753 21729 14258 1786 5991 4113 14846 14358 10179 30939 1674 10528 9588 15802 12454 9200 20097 11102 20784 5090 8828 9833 24917 30074 474 20035 12897 5604 14072 12877 14350 3692 8014 31911 21619 31010 7184 7719 32414 28722 21395 11526 30557 1255 4453 29144 30741 3525 7908 27617 25717 15270 11188 17203 31292 528 30071 6226 5373 2934 14275 20753 31371 32096 8600 3911 7840 25961 22922 32008 15118 17858 14092 30236 17390 2561 6547 14892 19517 2663 16680 
15136 2996 11083 31863 14326 27200 25667 31610 18354 24736 18157 4467 494 13954 25560 16308 16135 8223 12201 29161 14549 11596 28835 22988 23318 29584 1951 4263 3277 9678 31041 12101 13218 14818 31681 1157 4789 2319 12330 10517 23316 19388 26561 31752 20447 27326 15086 23713 29602 28653 22858 6461 32303 22844 31849 29164 16865 12323 19053 27431 19343 30899 30437 19890 14007 31150 30255 16967 9803 11942 28951 1680 23535 26819 2716 7393 18735 12317 8888 10049 11099 17083 9344 12896 32393 2262 11005 8700 27327 16605 21822 19374 281 11558 27531 27905 3363 5088 19442 21292 
25743 25625 15525 3532 31234 7074 9753 22959 1853 4583 25509 7263 9825 10066 14831 28321 8850 11058 14640 3317 14835 4878 19456 2343 5305 32732 25565 4371 10601 3557 7847 18747 29111 7593 26572 30587 28334 29355 23109 24872 6898 6051 20022 13271 13422 31546 24470 22484 12456 21271 17194 4961 26147 27014 2127 2382 24638 5341 4669 19718 8372 10160 22697 7537 9303 10141 6034 8906 17343 9025 14106 4795 20882 3023 20614 18345 17392 6938 3214 21773 23564 29585 22240 5532 23577 2039 11608 1590 26106 14685 32363 23606 12178 24645 19402 14499 6418 26771 25439 30490 
1028 27598 32657 31654 4414 6210 3782 3058 18472 3382 21376 11915 28729 31904 5000 3514 28723 12153 23114 10595 9341 2501 18560 13646 9387 26562 1399 26016 28275 25413 1384 27763 12941 20903 8167 24216 21178 13987 7631 19903 20598 29688 15273 23183 23376 32621 28433 15087 14373 23223 25452 1567 18602 26118 13434 22862 16517 31553 30133 12790 6716 28523 32307 27007 6279 13464 20371 20790 21551 16494 4729 7689 19398 20681 6489 24968 19051 24166 11101 7007 10212 11490 13827 26192 24598 20888 24721 31805 19298 13806 5768 847 29564 17240 15042 7829 21134 24503 11867 15320 
19241 68 68 1341 32178 28441 8928 13683 24042 30051 610 12591 22495 18112 8673 18776 23568 15460 25754 24132 27180 6286 4899 9068 28747 8937 20708 23636 14362 5286 2655 25594 15801 25960 8606 22529 30031 13097 7240 27348 18028 2892 13838 17777 21826 18207 4816 28696 22974 17600 1046 25218 18891 6091 15597 3544 10406 19723 9056 28606 1063 3631 18476 4751 18728 18565 18538 7156 31169 7600 19313 26529 17676 24718 17540 30305 26911 27127 7399 22305 17672 16913 30850 26841 9310 16276 12391 13571 32047 25683 14826 32130 12126 17581 10654 13120 23640 9643 13294 2543 
