2095 22753 23432 2663 4370 30646 10493 26048 17313 26263 19260 5677 14823 21021 21271 23461 21943 2102 27980 29047 22063 24296 7319 18504 26534 1902 14390 18842 26570 4086 7121 22991 32486 32490 28137 2184 22411 17941 8076 32268 1165 24650 31961 4041 3017 7958 17496 28109 18835 21546 
3887 1917 14209 31123 6657 14356 11035 9020 10370 11935 24133 23675 4251 6337 31167 10094 28289 24685 15304 6146 9067 26063 11193 19834 16803 12726 27234 19846 14621 14155 18725 18395 27431 20195 29309 21535 31651 530 18789 8822 26793 13425 23189 28561 9555 22845 26200 22221 26817 27365 
10929 8429 27670 18103 30076 5200 16133 20771 29527 18278 23743 16077 22625 14987 24412 4383 12692 14811 6157 15408 6161 14681 27709 21583 21072 26546 2861 18293 22170 14891 13718 3445 20645 11853 4845 10044 17451 28309 24256 18628 32083 21659 23838 9265 19652 9188 28243 8045 6639 25871 
8390 21398 12952 9833 21508 10641 17048 29436 28212 5781 25922 3914 30360 14839 30639 23857 8750 20842 27392 10411 11605 15222 26135 11153 4128 564 17437 26417 18738 16388 13931 4357 21274 2042 4573 19315 10147 18257 32253 21134 20684 26158 21235 3691 6069 25726 16818 19373 21702 1156 
20448 15347 959 11183 20002 28320 26724 11956 16892 13631 29921 15000 28523 5883 21667 4692 23149 24619 21122 20526 13942 25351 6127 2448 29569 4808 4590 8247 12597 22788 19556 29762 11087 4789 32084 5998 4797 1465 26495 26209 24742 13590 24536 1166 28475 28194 6034 20615 30484 26751 
2098 4190 23785 21711 31814 9060 4972 16875 16194 2705 21009 23885 22746 3864 15036 9129 10951 18575 29493 22450 23114 5309 31102 7617 16319 10634 14519 26608 17938 5282 9720 29266 16033 31638 22702 6249 18722 5840 18082 2768 17651 25770 10968 30289 24500 25573 17909 14792 14962 4495 
26000 25945 9356 25099 23874 20132 23347 19501 17439 16425 26118 14179 13151 24306 20827 28884 28690 6675 14596 23071 30285 25807 6794 19964 26020 14915 17760 19326 26763 16382 6905 27286 27085 27268 6530 27380 12947 2675 5922 14700 858 24264 18151 3615 25870 12286 3782 788 32057 19173 
30611 14199 21025 3920 29454 234 13219 9239 27821 3719 20794 22298 20438 2295 14192 6243 30799 12106 19203 32478 18984 28045 18443 15700 32412 10027 8314 746 16772 31987 5758 28207 24072 11953 30951 25673 16084 15172 11059 29429 3008 7289 27035 122 301 23170 10298 5050 846 21459 
5000 10656 24425 3726 24142 10728 26981 5498 14318 4330 20798 22058 21179 5319 4290 21808 10987 7089 4686 17221 22615 13947 5934 19843 5455 30672 3006 9668 16267 8896 9511 28312 19362 5814 9722 8335 9611 9025 15887 15011 4759 32115 21708 11792 30703 8366 6173 15849 2481 16526 
32685 9900 15354 23834 17663 18461 17757 25775 6724 20594 10558 30380 18071 8051 28551 27921 16602 10163 28124 24525 7322 2580 28216 19204 27634 17409 10050 14873 14273 30876 29802 12348 887 8949 19206 8603 6920 22862 2185 30130 27146 1737 12045 29551 11075 20960 17975 12495 13963 30600 
2153 27045 23486 13222 13951 18466 18682 24326 31024 32170 3500 20430 24716 9958 26982 16444 7126 7636 3965 11670 17276 30420 14255 25671 17615 18545 14085 4624 32723 23942 21659 10612 14662 4505 26212 1975 10654 2365 28258 17410 26882 20968 26074 19798 10028 17556 19416 15703 19521 18549 
25492 30408 22212 1828 27536 30022 22864 7730 29295 21816 31403 2253 28626 1148 6895 22944 23364 19153 8147 19475 1866 24534 10616 12354 19531 9587 3852 25400 16458 11847 17728 21199 30313 19729 3693 18766 10178 28862 23867 13728 25029 4105 32485 27928 18392 11613 27158 13910 9577 8317 
3815 4553 22838 5282 4146 2250 25159 27943 10261 5579 26583 17220 16485 10209 15616 5490 173 32042 28466 32757 20928 22984 9635 4713 27008 8071 27819 22044 26978 656 31482 2023 31184 3148 3184 28633 28541 21537 1478 15186 22146 16043 17203 18201 25375 10523 23339 14563 23158 18481 
10671 26871 2737 29997 17768 15577 3734 3117 23237 20846 5271 13696 16105 12984 2643 30952 7783 14128 573 10282 20798 31215 23557 19778 12596 12664 9522 20560 32506 26039 3388 20346 1640 10783 28008 11047 7856 7475 27696 27889 3785 5287 20766 15275 8367 14283 3049 880 209 24266 
16635 9944 3686 29438 27762 6360 29124 22509 21094 25796 18346 15186 22124 9947 7134 362 6664 7954 28770 2079 8630 29691 3352 31244 23327 25312 1709 8620 254 29446 3566 3089 32539 32752 15063 17039 14657 28709 25365 15350 10799 17002 27112 13912 10367 24097 2881 31368 6027 17785 
32726 26210 27633 3492 12754 20275 335 2166 27976 26263 11305 13811 23535 14868 1507 31450 6461 19338 32458 10057 22954 31140 19190 22598 10096 24605 17013 25932 1516 11156 27675 2888 1901 5339 18709 31030 2548 15078 11843 17716 8145 20990 17636 14909 22337 10168 19159 16970 4904 8571 
227 1685 14522 19845 23043 30319 11567 21927 2035 13429 23231 1119 5424 23366 20962 27680 28961 24186 21425 8026 6992 31260 13611 7483 24275 9160 32413 1033 11422 18787 13747 10931 19496 818 1082 30345 30464 13261 8539 18405 13770 18572 31279 24371 2370 17754 9982 24817 31610 26795 
2848 30196 21515 23737 27244 20222 25144 29260 11710 7878 25940 29880 22225 8561 28828 8363 13770 25228 17455 14046 8658 32364 15702 15954 10823 29115 22240 9967 23024 26309 6036 5006 22532 29870 32692 3906 9287 20707 8395 2741 14314 1895 14365 13719 18056 28554 1254 23990 11805 3 
15130 14887 6479 20440 10752 26120 6734 15697 11342 24277 22065 26669 20864 11586 10922 28731 9747 8874 23765 32216 27932 11904 18371 2536 28396 24587 2902 29310 18587 7448 3673 27073 15254 12100 28405 3541 18685 11277 29163 8913 20504 20281 20440 29068 20297 9825 20020 842 722 9711 
5506 22936 6392 24682 11061 5159 25623 23873 24022 31962 10347 7020 5810 1946 14552 61 6468 31597 20245 3367 20289 1042 16651 32296 5699 28344 8124 28948 2980 2507 26435 32516 23593 27777 24461 27573 10978 13906 11649 165 10483 18084 32485 12419 6980 18059 32550 10240 8348 9386 
16932 32303 6333 31696 1208 12308 4227 23398 25807 2913 16476 4907 31258 2284 3326 9794 29822 8307 21726 16554 20634 13446 2592 22214 15290 6475 12348 19606 11967 27752 24474 25422 32453 12172 536 888 31326 27813 2721 31884 5563 14195 2872 23656 5512 15680 19525 5706 7420 14703 
13643 29258 18562 23953 28234 4706 5495 1024 3129 569 10760 7773 1042 5914 4353 1235 26443 11066 13337 3826 30432 16568 19635 20966 24582 3132 8964 20622 18905 31371 13993 30033 30862 29991 18089 6847 27664 3606 32749 26666 18852 6585 30877 17601 7136 23543 7631 4675 28963 30585 
27717 25351 14964 467 31680 18706 25185 10434 10384 13653 770 21126 9471 4459 15970 11462 31282 8911 9032 4013 23698 2489 25218 32366 27759 9203 1027 23439 31804 14802 25488 18200 11012 10830 3029 1578 20756 7782 18044 7766 1787 5459 10441 10859 2206 32049 23494 14140 6995 14474 
26952 25695 26587 18801 21316 11748 31155 32002 22637 14145 3847 16794 28701 28951 4369 25528 11543 5060 17597 1277 22522 7880 10390 10901 2903 9293 14046 17319 21012 16515 5848 4616 28684 19352 667 4967 4430 9393 5253 6149 6084 30598 7317 13341 1815 28302 6276 10693 4732 2364 
23562 1691 5190 11339 3532 25698 5918 10635 32144 30513 31363 30728 24190 12280 23162 17943 21309 10087 14423 16237 19847 26051 30597 14441 5621 11857 1435 25398 18660 5955 2929 16658 26984 7115 32398 7458 5908 14692 2169 16862 3876 2094 8342 17276 17232 5661 32137 2761 4194 31224 
20287 27625 32665 7062 10506 7356 7421 501 7188 29677 6948 18132 3783 32203 20847 16373 2391 32123 28703 10293 11308 2889 21316 24407 24127 1036 12691 28756 20 9707 1838 22289 18862 18719 24291 16931 21779 30197 18413 7117 2529 1543 20773 5064 18304 26217 1591 24608 15269 7546 
11351 9477 22730 23701 1599 5903 21759 18175 6371 25246 1952 20476 24865 25739 3984 16849 27007 12064 10797 18461 1785 2912 18554 29910 14493 12538 1174 1383 21150 2423 1856 32361 11191 12796 15015 16806 27812 20932 24171 22214 23107 53 28584 23300 11947 19262 11434 17951 27612 31299 
26121 32722 29852 1876 17321 4503 643 23893 25373 10776 4233 10984 16055 5553 1139 7116 1693 1997 27591 16707 24388 28828 25798 23071 31691 15269 29603 12659 11573 12618 436 8687 6388 19850 30935 3126 15384 19969 10113 17550 18612 9514 26584 669 1821 12322 14054 10908 13322 7931 
30185 1342 22470 3531 22997 3974 18630 2719 6466 31753 15254 27928 28593 27353 20425 17606 13646 4342 18258 16658 14035 22350 27567 12990 23949 1612 6311 7111 8467 27496 28497 29356 26725 17523 22053 14362 15538 32537 23569 22603 25515 13901 17637 25714 6419 20226 15923 22909 30586 19654 
14117 676 16297 15037 950 4165 18038 13118 26233 2487 2113 166 16395 23193 9354 21729 6104 23601 17050 28656 2669 13171 3810 12130 26156 2960 27505 19263 11131 4463 19093 4832 11725 2411 2726 29841 29849 2824 8856 192 3472 28324 19364 15128 14647 7429 14008 29439 28361 21506 
23792 10012 11944 13931 21734 485 26881 9704 18881 3160 14732 13624 21601 6776 16655 31925 31527 26256 6771 5852 18738 55 13608 22377 27134 28374 7731 23477 28908 7935 13314 8230 14547 22824 14376 22723 13735 20788 10003 15943 19645 1218 29581 3900 21606 20634 20360 10881 16468 9588 
10276 4627 26629 14236 30965 18848 8613 17832 568 13660 8276 2037 11929 29529 25886 12215 10957 22487 3761 24252 8501 11511 10677 8503 25415 4712 21142 11884 30753 9306 11009 19241 917 3484 5990 5457 8589 10462 18047 18133 29066 3724 940 1298 14793 21841 12835 6337 30981 7274 
2031 12671 26167 14378 4763 19933 32101 13940 17039 20133 3526 1684 100 25443 11802 15220 12441 28923 31491 7565 12703 24307 26288 27682 5505 13009 31111 30973 13731 12642 14670 16208 7096 11502 7858 3510 32086 29723 32319 23364 27816 18692 10693 25860 27028 24149 32376 29856 2263 25526 
26565 5798 5304 24831 32686 30483 20208 21544 4453 4973 22235 19515 28200 18534 31807 1815 28781 3947 23806 21511 22712 15741 15030 7931 1089 26349 1196 3235 15663 12003 28935 13940 1396 24643 18333 9109 20513 6650 20955 28841 7588 28374 13508 31257 30719 27364 6173 15134 13826 16564 
21184 5102 30662 25445 28925 13089 864 25414 15939 11391 5436 18786 9563 118 18418 12324 25176 19156 25890 18720 20495 26011 12710 18207 12618 2648 1743 3983 15320 1639 24093 23040 11822 320 12017 9946 18957 4158 10651 18869 13413 15947 26544 32044 22952 22725 22108 4589 5647 14755 
14632 14071 13773 25696 2599 14213 22685 18187 25693 26725 29835 28507 18482 9191 11090 7990 31085 3904 15436 9726 31215 6480 23800 23448 25101 17402 13543 27190 3679 1657 5837 22443 26895 11243 26215 16831 19785 29169 1525 3995 14857 27648 30288 17002 19114 21230 29289 21052 5309 24305 
31159 17693 21397 16384 3564 17303 17588 4882 27611 18447 30544 4464 9141 18238 5129 9631 15862 31276 24179 5967 7858 24331 15452 14066 19315 7515 27705 16393 25675 9534 7659 11022 13481 4390 7053 13670 12823 26614 8399 13209 22598 28336 29325 18625 3385 13573 8704 23954 29033 18939 
27260 22504 29511 30856 16432 30705 595 16688 6557 11513 10932 29931 29521 21174 4474 25379 2830 14559 18867 2310 6156 13838 14351 26430 27711 11929 18402 30694 13888 4829 3520 5587 18859 387 6549 7136 17137 21704 12810 31352 8122 17012 15382 10722 1566 12217 7194 624 31036 29699 
20598 7907 26323 6380 19974 32229 4885 2223 4079 13063 28088 19262 1161 26148 21324 14637 11988 15606 20220 3862 699 19299 6917 27673 10551 30391 2573 7213 17573 3626 16713 11000 16969 28217 22545 2276 6493 7614 16079 25748 4622 1479 12721 24062 7782 21213 13654 24269 29031 5453 
969 31437 9353 7047 25713 9054 17120 29570 11349 9654 30372 19868 4342 19291 26150 8747 16808 13680 9806 15296 7684 2853 208 21887 13979 12575 24425 24249 735 32548 5306 14042 4319 19797 9693 27719 3127 7062 26444 27368 28251 16049 28280 14582 18187 15566 221 9893 10235 9622 
28143 20236 27112 31821 4917 12582 16563 14936 31478 25103 1682 3513 1625 32756 4916 5926 17753 24415 24485 29008 883 30448 17053 15812 6357 29282 12436 6724 4684 13958 18521 3524 12993 2102 6932 21972 19381 15078 8301 16697 28890 32355 24155 13113 15932 10645 19440 7076 15782 4057 
30039 25120 15191 18195 11918 18793 20053 4370 24857 31697 27688 12191 15646 6567 16340 29248 1893 12243 13537 2232 14707 21513 18494 11029 4764 5809 2284 11842 26670 9566 13250 4297 1585 19539 1656 32616 21594 16694 992 10965 8549 20236 14577 6719 5809 14045 3612 11472 12955 4678 
8998 8652 15429 19876 7989 13978 25965 17679 10221 20213 18312 11413 194 31398 16411 9724 29959 13833 9518 24505 4752 30211 10894 17315 22371 969 25106 9941 21155 26773 21375 31087 19601 29036 20987 15237 20828 5923 14915 29077 27423 11387 6222 31264 10109 26101 11840 20126 26980 29884 
1598 4467 6799 25349 12736 20734 17064 3129 5784 8242 26615 21044 8205 23461 11113 10742 13377 10886 3621 22462 5301 7047 19498 17952 27323 3903 16495 3008 10019 18124 22380 32091 13272 25457 6617 17090 21811 26898 12859 31611 26924 4113 1255 5165 14955 24311 11680 18216 5049 14177 
8096 22631 31451 25183 12464 9510 22573 9459 18953 26955 21489 5362 10307 19982 30036 10033 19735 3532 29059 13740 13667 20937 14681 27251 25215 16631 27504 16132 27358 9545 8378 2287 12550 2424 28474 10211 19860 27261 13085 17446 17961 27387 12502 16446 11934 14481 14753 14806 23058 20666 
27309 17998 10740 8561 4962 22194 4325 17341 6986 22744 28556 12890 27436 19464 22321 3067 30605 18673 4527 6773 1062 29367 26659 30026 9594 15526 4238 24016 8468 1195 28189 14807 23269 15860 7481 24519 32398 25472 32069 6535 28878 7037 31229 14292 26083 30882 27367 28164 16358 31542 
19109 14805 10295 13371 16028 20458 25302 23668 4863 22189 27910 25921 14047 7417 21689 9488 959 16050 28266 7202 30219 28439 15227 4630 23907 2289 8374 13580 22943 25801 20068 8923 17914 1192 15501 7080 2517 19309 8509 5954 6861 12303 865 21968 6770 14905 21936 32449 6776 32027 
26733 24340 13756 22001 9805 9539 4513 23077 24501 18094 5907 3081 15064 13240 14385 25120 11293 30297 15360 8070 13325 28004 29317 19175 18027 2599 16797 19806 18420 23625 18523 23109 1606 12295 2697 3472 13365 32606 5979 3720 26517 12315 12102 32334 30018 30449 25783 13717 11933 28613 
21324 8176 30594 11899 15214 17269 15156 26918 11946 7790 26997 7402 27686 25912 3931 25248 6406 26071 18198 19094 14797 14510 9510 6205 4293 21555 1072 26732 17570 18543 21163 16626 23837 1194 516 9381 10246 25315 5374 3991 7634 29305 30194 29588 31048 32214 6263 15000 10688 29619 
12318 14179 24044 2049 192 21733 10084 5007 18982 27382 22940 15686 17465 28493 3859 12744 23030 32671 10188 8627 14073 19230 3114 32688 24949 32590 19421 25432 31192 7421 28526 13968 13860 1527 3543 21235 23271 14674 12993 17444 16450 11100 19899 18875 16368 2147 31581 12329 17782 16099 
