28948 19121 24190 32297 20029 24318 17268 27652 15739 17480 10272 12314 26997 25228 9044 17821 7622 26318 25950 4364 7280 16380 3859 27274 31859 5394 12073 21018 24499 1724 15527 28940 31593 29590 486 20951 9539 24949 32417 16855 29469 20744 8035 8108 32437 5848 27963 2317 11178 26980 12284 21084 7807 30636 18801 30805 12788 16386 17003 23877 17190 12817 20882 3847 20335 6841 27186 16466 4136 21362 14725 23270 2990 20148 22904 17636 18396 8464 16595 11354 30415 21373 1229 27699 15680 18812 20416 18547 27782 22438 16008 7574 32525 18585 10516 5407 21248 14760 20429 3086 
6784 4564 22871 19560 14225 9427 32418 591 1602 1945 20859 2436 6587 9515 735 27615 23383 5824 27884 28834 32750 10081 13184 12071 14750 12688 19997 14297 17108 11869 1386 27415 19005 11515 19049 15861 8077 30925 12633 2631 11250 439 20792 6419 7200 14416 32506 25179 10076 10010 28728 31184 16088 27473 24453 31472 16290 17945 2177 20999 29013 15066 8803 773 12762 14653 2129 32309 23633 30546 11326 28617 5358 24136 13004 5608 5193 744 10135 13612 17249 21884 20778 31016 20481 2013 17677 19843 30242 8521 5986 13399 22683 32611 16636 30602 6418 25923 26032 14718 
29092 13474 20927 2698 3813 9917 22190 10634 18938 32592 16865 32665 5715 6800 8176 2009 24443 3313 13347 26855 13966 1615 26149 17739 19534 10887 12785 21642 15811 18015 4268 16580 8691 12245 6776 31828 20818 7936 28975 14173 9871 31939 13144 1861 6526 29207 2343 18572 22590 22200 22157 15022 4771 23784 9154 12518 16933 26638 18552 6662 26449 19656 2680 29869 25657 965 32445 11261 8125 3570 19364 23803 32170 31079 7751 9106 19795 26463 4935 16032 25028 13295 16584 5515 28030 29283 416 14630 2193 32573 22768 10886 7447 13535 14323 7058 17656 29967 28696 27440 
9399 26019 17171 31130 3621 11801 1178 30968 19935 22800 20576 20666 3007 24961 21726 20311 1836 13095 30944 20102 5766 15925 24703 30669 14191 8351 32395 3575 21549 31209 28304 17233 14559 27227 20250 16379 187 164 30896 31520 11615 10438 8915 11771 3416 1897 31393 11030 3405 6635 10788 10592 22834 24297 20293 3267 28019 21111 15459 5443 25539 9046 1403 2713 14312 29797 15000 4695 26703 572 30869 13401 15717 28130 19341 13706 4897 15836 30058 16275 18892 19883 1620 30258 19827 22030 11307 13556 287 26901 18317 30196 15928 24727 15181 10210 6175 29315 22588 31688 
18322 3617 22972 3098 27635 16143 8189 16489 23436 19610 23458 18219 24655 6746 23351 20109 21591 22338 16301 5760 22556 20798 31983 21225 8166 9539 9434 3278 25152 11499 21390 9480 3346 13885 21158 2717 18328 8039 3191 20938 7830 30330 23032 66 18712 24488 22870 14674 25815 12343 12980 16013 25178 13774 19421 10569 27176 28365 20660 16063 27432 215 32748 29931 5104 24241 2149 3353 890 20430 16231 27068 19038 1235 30803 8005 22690 29313 27815 1470 29221 31184 21159 11954 9644 20577 27325 18498 15873 21862 31841 30419 28314 1075 6594 12559 12556 8445 8257 9319 
30313 2929 10946 6452 19009 23239 12450 26256 158 19059 9376 30279 727 8810 27951 10015 30872 8584 1775 5971 6214 11501 21254 13137 19933 26475 29659 1417 24695 18065 32462 25171 14032 8572 22588 15206 6622 11115 11993 3488 2301 24940 19375 18687 19058 11993 5340 26162 8291 27214 26417 16681 10319 1551 25780 3876 24729 20309 8091 31484 4016 23342 23587 14640 6363 20917 7935 30919 32757 11798 28516 1635 19797 13503 28269 31808 6636 14803 15200 6752 236 28710 20824 9403 9921 13024 18826 18044 5555 23820 32433 5371 28697 7198 29977 20676 24747 22473 22111 10979 
12637 6806 31464 23052 26973 20030 10313 27663 16242 23850 20892 25727 4119 21386 18701 19325 27008 27940 23736 32618 26763 26444 9671 25688 20262 6885 12925 10010 19963 17448 24088 32009 24156 24263 11419 17946 2601 15857 10699 11968 15645 7922 32508 20807 26466 2515 13989 26991 6008 10155 30845 8538 12764 24689 18758 25809 15722 26132 5102 1506 11876 22193 20997 12424 9175 13421 17254 3360 30012 3708 13669 8463 2297 3116 27951 30295 7697 14107 7460 1705 4561 3999 7087 32173 25106 1949 22215 15238 6929 15121 8087 24007 30708 14524 23707 15624 30582 12351 9625 23835 
2870 13045 26526 18895 21460 19449 10251 30507 7682 2839 14034 27601 1535 12723 7736 32750 14379 12737 23799 1256 8825 5447 15324 11371 20034 3591 18571 8297 1423 22738 30661 12791 28885 24917 29560 18537 31793 15024 32677 19660 4405 8495 3447 30892 11644 2192 31832 10702 8994 30989 27517 28586 28327 5505 23405 16930 2969 14231 12216 4868 25144 31182 2095 4677 27409 29435 5105 12221 16935 16022 8676 15842 23399 6098 9933 17984 16959 29065 29629 25089 29374 28844 10529 8470 21231 32150 18948 10818 356 12090 3012 24872 7299 7559 28397 23019 8898 27328 27669 6 
7182 15193 24055 14315 13394 11572 19922 10335 10311 24054 27377 19682 23636 23910 8244 18648 14472 14635 10841 5161 24020 18951 31186 31868 9212 21853 25976 29457 30298 32483 21925 17546 27164 4834 24779 30091 7157 12488 20501 9971 14480 19192 19656 31663 23738 5603 28478 21349 29704 10719 21982 29854 21124 25594 3649 24640 6596 28052 7224 8429 13474 6130 6905 29508 9627 7963 2862 4900 10170 18095 30338 1479 2319 22702 30733 14511 31484 26183 23370 23183 4734 28994 7766 16681 19211 19816 3649 712 24359 32247 605 7848 17118 8387 22107 2253 10216 5486 20321 26201 
28131 28817 4841 17169 11647 18460 8645 5283 22133 12383 22814 28722 23417 689 24256 12567 8937 24962 13503 26149 27980 15940 24664 19928 18333 4005 20372 2548 3422 25123 28342 3011 20919 13658 17038 13126 12718 1052 32201 26911 26829 8178 20501 25416 4397 4998 10587 22853 21940 9892 13088 16262 17060 21422 28636 12102 11256 6246 21844 17424 26345 21378 16969 14589 3663 22712 21549 15525 28364 11379 24500 29487 22202 14694 27884 24518 14261 6871 1500 12304 9670 18065 9709 11463 621 26979 13619 9950 12214 22596 20916 25623 19162 4828 25913 23344 11164 28229 7516 26920 
14368 16520 19325 19326 10836 10765 12072 10466 20912 9711 8115 17115 30934 12237 18904 24428 27606 30614 5064 31237 2564 21181 3714 2048 31577 5623 30568 21012 14645 32380 13621 29490 32470 5907 29581 11655 12459 31696 8973 31684 20403 1749 11093 19994 19566 13509 4087 3536 2330 9894 23039 9591 14216 28983 10392 28128 17162 28867 8848 18258 14725 5005 3441 32088 21060 5444 21795 11359 8248 13969 14362 23055 3106 20260 7761 32117 29834 27373 17192 5380 25805 10061 30885 3237 6009 20649 23481 16274 31038 28180 7846 18618 2845 29749 7096 19578 21427 22217 27716 12865 
16911 8994 19991 17461 7424 7665 28400 15522 26812 13699 30236 7352 21913 15167 4495 26085 26610 27982 27478 5482 30219 10408 6307 31315 24958 2276 20062 28326 24447 2174 9104 14771 13746 4966 9420 21234 17787 15749 6477 1240 8120 22343 14070 5560 6884 5061 4452 18345 6243 16325 7861 16189 27633 28149 15741 5584 21096 9544 3077 20466 23352 27719 23536 7244 553 31463 17999 9924 22548 12162 23328 16966 10711 24126 72 23193 29312 21636 11343 1946 28060 30793 21535 17284 923 31032 17149 8785 12234 4059 30290 31850 17253 17302 7894 18619 25778 15852 12544 32396 
26397 30850 14550 2077 24037 20342 22087 27547 6593 9664 5385 8893 16846 5076 8905 10605 8567 17190 20597 6435 18503 20838 24424 16004 28937 30458 6530 24661 5224 1877 1908 3584 9624 25523 20977 17875 2339 22437 28960 7685 29022 27223 6692 30666 26915 22378 16303 27561 24068 2589 26989 3513 24039 17418 13176 6575 7037 27648 16050 23721 9357 24529 5229 31964 17469 20760 31119 738 2828 7771 10004 26597 30770 11076 16627 15543 30672 14155 30439 8000 11122 21958 20422 10017 8558 26884 8606 16210 4636 25067 23373 21528 29334 7950 19892 17515 31736 32 14144 29665 
20757 26264 30349 14536 27987 22317 31130 23757 6160 14747 26577 15490 3258 15740 5604 7616 4682 13889 21699 31989 18386 11100 21628 18287 16721 27027 21320 17728 10269 13201 11650 178 31786 23362 18453 377 15402 16422 13379 6421 15367 9901 27272 32223 6310 20450 3224 25910 31310 24374 15743 32526 31260 4786 30580 4611 20164 27099 24071 3465 8332 24005 14150 19995 5250 25386 26296 31368 16047 9330 15309 2696 19508 18864 24177 24127 24824 25521 2368 10465 7265 18681 8129 6590 23731 19604 14318 13236 12748 31585 14570 21486 26638 7078 31643 11666 23552 3566 4922 7000 
13883 32559 28595 20512 14700 21402 18427 11971 1021 32165 26076 25103 24932 3189 18642 27726 26607 8536 12240 31038 904 17070 28709 18859 18253 23153 22895 11321 20460 30025 5792 5563 7919 14940 30346 21983 12135 11322 15621 28522 4935 6863 1789 5945 16260 4652 30397 30351 22223 17044 32313 21119 17508 20480 28715 20698 24563 18551 17282 2399 5746 23683 26755 27911 5158 17125 18259 12416 26217 11052 9335 29718 4197 21587 18484 27721 15904 7 30023 14179 5525 15555 19765 25419 13320 15758 20499 11126 29546 6352 28720 21380 28071 1549 1553 14689 21203 15868 12128 25364 
2371 15171 4905 13590 31650 5983 25415 23602 24106 4589 31251 16124 18739 21814 9517 23899 24995 26862 16032 12336 31263 17964 21974 16982 15345 1754 9002 10280 9800 24456 31189 1364 5930 7591 25549 22642 18511 29558 14911 6642 14662 3804 31383 28524 18046 3047 10748 23293 15658 4567 8987 13032 14023 3805 26163 447 14467 24365 5514 11649 2378 15588 4862 24306 11102 15879 11239 19171 12978 9647 25227 20179 26299 8990 20837 32626 31019 11270 20218 21560 29812 19483 2326 25907 20128 11825 14691 19544 4932 602 16452 31161 17836 5315 6037 11731 2257 10823 31146 8467 
8205 1150 6676 4402 16482 20296 13706 3451 5659 17806 4257 30381 18420 5064 16519 9806 31294 4260 6873 22420 4120 20910 12177 14414 468 27024 631 17010 18096 4344 20971 11704 8134 19205 857 9082 21692 8897 24448 11157 2100 11269 13651 20241 22108 10810 5529 1987 13632 16108 19527 24383 30245 4001 13019 10833 28377 31557 27367 19051 1209 15011 10092 7658 2998 26720 8003 4103 19365 634 2877 1752 20312 28194 8190 31323 4949 28482 1530 30468 10293 4991 16449 2011 15510 8937 24216 7902 26513 1676 6735 17043 16284 15372 13635 32606 19568 9687 5367 18430 
14866 17397 13649 18963 31731 25878 10883 31228 24243 23190 990 29670 658 4480 27941 3875 17087 6429 25979 15965 5718 16614 21165 8996 4112 3023 7671 7 21858 29405 21146 19839 19813 17120 20392 7694 27041 13541 17660 10106 28184 1583 31397 29585 16446 3748 6839 8895 10546 26747 4505 13000 32622 17274 29953 26277 26958 13698 10446 7568 18422 27327 2401 16096 9170 7920 3002 19978 29679 2839 16177 23512 2630 22936 11091 21057 30902 8827 5698 31244 32759 19804 11472 24245 19914 21938 11663 22928 2435 32754 18567 118 22945 13294 10908 14922 10633 9636 25636 18711 
12795 16974 19809 19875 6736 25487 29433 2003 319 3687 23995 4758 26676 16306 29544 18776 23150 2125 26172 21467 2265 22795 25814 22021 24275 24181 18671 24765 12457 17147 6638 26477 21539 15641 2644 32083 11444 1166 11596 15366 1901 15625 21565 6962 7847 27501 16788 907 7992 27541 15093 29973 149 7371 320 1490 4975 2737 11660 25308 15179 5488 6425 16250 10821 14618 13864 19790 22227 3030 14138 16893 5493 5233 25719 10994 212 19623 98 21881 12931 19157 30053 29048 14767 14106 15716 26448 3861 7812 11347 12223 31197 9572 15866 1537 1669 3807 3859 16223 
17614 29137 16353 1828 12433 9330 22988 8179 16540 28472 4681 23995 29736 10373 6981 7693 27590 10644 11789 263 16263 2469 18148 16803 28696 3150 32455 9255 18915 22573 32476 5071 20770 13879 6444 30780 5071 19240 13411 12166 29605 1948 21473 7474 8934 27381 16974 32121 16964 633 26049 20699 29826 4066 20323 28226 8501 14982 24205 24504 2317 24265 16534 22106 27588 7375 16342 20860 24487 893 21861 19834 46 25317 10663 29637 25967 5511 1542 28348 13102 7345 27576 2982 14777 26111 29783 23290 31943 9309 14609 20832 957 28352 6717 16163 8800 2878 13312 11977 
21998 20310 4697 21039 2269 30526 14745 15977 30176 24591 2704 16382 20189 9158 1717 7946 25693 20509 4543 7099 14809 22169 20030 25678 8953 14736 13155 9886 18504 13847 15065 20508 518 20406 12501 5502 29027 5149 20862 27311 12879 3469 26133 31214 7994 27011 29570 28653 27705 4466 20044 3045 31069 7453 28626 22268 18683 31260 26284 15635 21018 27838 17054 21368 6340 488 18979 13217 10229 13370 15225 9035 5911 13805 20055 29993 31035 31916 1690 18359 7850 29391 16692 31219 1592 304 16558 10003 14389 21699 5692 20652 21262 17202 17728 31819 1280 7492 22343 31337 
30447 1607 25683 19176 7658 4296 25487 24832 6448 6564 1880 3363 14832 18337 31001 17049 17108 13201 15672 26000 15165 19694 18341 8370 4426 26998 31741 9897 18721 19552 6923 31975 30252 18550 10313 30861 739 12272 2029 5473 16387 13805 27668 13069 24831 14165 11813 16525 844 18949 2767 26403 12813 30025 11437 19995 730 16182 17010 3406 2822 24683 11382 23548 22241 10505 22269 26075 26378 27652 31531 19803 12333 15102 16353 25477 14089 28409 25918 22672 11374 23826 12313 27699 11106 19697 14858 28850 24433 23782 15459 25904 884 7665 17345 30233 2291 7109 142 7939 
19493 1968 14578 22607 17827 13022 28633 22624 8220 2600 23514 12016 12288 11886 4676 29898 14377 30808 8583 16822 19367 13630 11863 7976 9316 18747 4182 15138 21085 22486 2323 8182 28457 32719 2284 2685 17227 15778 11066 22269 20931 31817 3184 21782 7621 19436 13185 20513 9752 27620 27837 16257 13748 896 29645 26485 977 5378 25234 32135 586 24462 634 1110 4760 8343 4659 10704 15151 30099 4313 32242 16249 14762 10844 4606 8053 8356 30865 21369 21180 31678 3409 6539 21818 923 14200 19162 23590 17659 20168 26526 1916 31519 22553 19678 5115 27897 32052 16554 
7342 26921 12162 31030 20224 18720 28770 16722 15621 13430 9857 460 19807 28460 5900 2835 20798 2757 26822 31551 23503 25115 1186 19522 6820 16837 15095 4715 17772 24328 5614 2878 21464 9032 494 27821 18775 4736 16542 1146 24445 6256 13531 30047 13798 28842 24937 24395 985 377 11441 12095 32565 25512 28342 17443 20983 20647 15135 16915 11553 27994 25475 20003 25341 13796 12651 20718 3012 16230 5841 12522 4121 17859 2811 14747 17830 19635 30461 6515 17701 31975 18496 26231 21958 30086 11479 20624 12990 7909 28398 6129 8364 376 11918 839 3006 18290 4897 22854 
5438 21753 14347 22955 26120 7552 16441 29792 17238 6363 14751 21016 24468 26520 7079 15533 10627 22209 30072 1893 17420 886 12724 4019 6647 18938 11912 28281 6598 10709 25555 7390 12305 31985 22458 13064 24515 21660 13518 17922 31644 10763 20856 31100 11407 8953 7725 307 8960 22418 22848 24172 13033 28969 19751 3258 21858 19699 21599 31242 9387 4224 7107 25591 8405 25350 495 6267 6920 1064 22850 9119 9764 1958 1127 9824 25488 24386 4511 8937 7328 32128 25531 22418 5618 26793 11031 27982 8393 15760 13106 11534 13567 27220 22718 32500 23061 4472 30250 11558 
7582 13392 31244 6576 1882 22590 28390 12965 9383 24393 27443 17337 13218 13347 8031 23574 5735 4260 7484 21334 22215 2238 19704 28497 8464 14066 22255 21692 21379 19843 21194 5579 29652 29767 13793 11291 8189 18356 24453 23817 21518 272 17586 32374 1680 20128 30706 18700 9176 11501 22302 29167 32396 27026 4472 13472 8859 12497 11205 17901 27748 27179 3646 27343 30954 28010 22257 4961 2496 15015 2279 5993 24150 8646 32028 8326 1942 19677 21382 5066 1108 1446 5248 28578 16556 8597 27902 10677 13843 10703 26009 3661 31421 13832 9829 5587 18540 18756 7943 21011 
18487 19081 9828 30403 21385 754 18557 305 15390 19632 3676 11272 735 19405 2787 31058 31099 19223 16083 23653 28744 30092 12398 1550 14773 7918 27710 27085 16591 5941 23240 12793 31066 14608 30765 4584 1904 22434 4150 13726 3849 29119 18952 6595 1221 18598 11724 19712 20433 11994 18443 8144 16483 13672 16915 20439 8188 24755 15998 24856 17268 13817 28110 5454 7386 31069 16761 13335 28498 20253 24190 32529 19576 12615 3682 4410 11372 11118 29769 14088 3481 18222 17563 29547 24057 18224 23847 4287 3137 27066 10833 10508 11680 9875 5073 20019 27034 23270 10053 15797 
29343 22082 8506 7158 7912 23270 11970 11245 18764 30503 30985 21821 30517 8283 22163 19671 3682 30605 23728 20456 32026 18333 1942 31070 15402 8295 30277 22577 18246 8203 17625 26994 30153 30116 9606 32503 19135 29653 11624 24791 10527 32696 5043 21491 6590 15133 21932 6294 4243 5453 2774 14709 17538 7275 18282 2586 1822 28032 18785 16702 25001 15362 4639 15734 11382 28620 15731 428 22750 26459 14481 3591 31637 20678 10811 18453 14494 28566 17674 19432 22021 23481 19292 868 21680 18737 18891 13761 28027 9330 5403 19875 6493 1130 4813 12652 27614 8622 25698 16096 
22926 17809 20128 24850 21059 1946 26255 9405 12243 16557 17916 31321 2212 9953 26022 18064 27728 8278 22490 20128 20259 28471 17322 27883 23270 9176 31800 27536 27012 6132 32092 1458 24106 2323 30470 32765 1859 29940 3800 24499 5805 8212 21437 22526 20063 20867 9740 26030 11145 1340 7277 7939 21135 21426 10123 26657 4422 14920 11365 15002 12308 25017 13940 4836 27518 10152 9820 24521 27578 12412 1307 26721 615 31974 1474 2543 31390 23558 9897 26704 17800 7790 10692 3805 29198 23177 31127 12144 2458 15421 1184 31990 767 20475 31774 30376 20152 22452 5620 10737 
10984 11641 12338 22516 30050 23611 31752 13468 31434 7263 4527 21262 24930 3673 26523 22580 32701 3104 29429 32533 10520 15508 19444 2263 16945 29013 26518 1641 22048 27969 1258 16449 3797 7970 14136 3989 2584 4500 16383 2996 16454 12929 15825 12 11517 25025 14060 25986 26572 15967 27023 14652 6255 20735 32025 19633 32745 23996 11743 20111 22278 23547 31035 24096 21829 3196 2675 18595 22550 14718 633 19197 28794 4484 16099 6988 21940 26610 21390 1062 5750 13779 26337 152 17848 25867 32682 2692 21925 28078 4999 22020 22918 10463 1938 7201 4132 32273 19459 700 
28225 31471 26856 16088 31672 3132 21595 26210 30152 11635 2494 26441 28232 21299 2041 8865 1386 13946 29218 31404 27356 24491 6178 26764 18842 32762 7086 32112 250 28073 2143 24199 30847 943 13838 30886 7365 21895 14510 3414 2140 21614 29186 29859 19279 19963 26754 15190 23431 19198 27632 13617 14247 2282 22818 22424 8742 6762 30253 6587 22717 11494 18202 10101 8413 26617 11220 26288 17885 1194 8436 27137 24444 29541 20761 8671 12582 21057 25005 3693 26640 23699 30649 10074 473 14674 592 15191 6214 24423 26117 10189 27495 17608 10252 13037 18385 12790 7246 11875 
1032 1831 7330 11950 11051 27074 12680 31558 17132 15036 5348 26827 6095 25296 26111 17626 13847 9614 16890 1590 32359 24292 28127 11590 4345 3535 30243 28057 4469 6452 17323 10786 32262 30755 6602 11250 31083 5017 10713 24621 26258 16338 338 13129 9117 23215 26555 13053 5261 2251 13020 2571 890 14672 13608 19625 23373 19713 28306 12262 1271 28794 9585 28363 6527 30333 17548 28488 18070 24925 23465 20007 32182 20571 22670 7770 4640 18838 13789 6168 30113 11888 700 12419 18586 19406 24496 7905 12652 21841 29174 24699 25089 24060 9721 22468 21438 28533 22992 7582 
9280 12897 28115 10660 13459 31070 15499 32112 12874 6874 25367 11854 21239 2560 32704 12281 8116 11524 2418 15887 3963 134 14393 21181 8779 31112 14607 31923 28130 28627 16909 6771 20338 18276 8171 30709 6283 9685 4752 31080 30435 15867 10744 17076 9921 29152 28773 26768 15486 6786 30960 17424 31020 7907 30397 15715 17140 3116 18214 5658 7041 8080 18269 32474 11071 11945 22293 11975 24069 15634 11454 10931 4300 24906 30533 11678 2445 6033 5274 24950 5767 21138 10853 2601 4763 5497 21669 14065 22013 20534 14326 9570 23766 22714 13857 6578 25518 24666 16674 16427 
19822 26129 29367 27827 19981 15295 10378 24603 4588 28032 24417 10986 1812 21775 16096 23375 16042 12516 14687 10971 5464 27631 26705 829 26678 25235 21538 20653 29808 21270 16202 15883 15188 1725 12813 7811 18807 12945 15468 24831 28339 3910 1225 5077 7160 13244 1799 31522 6964 31911 17574 19942 3523 21533 30081 5088 27421 915 16755 12496 8609 31626 23410 5849 4782 5963 21352 4737 15284 32495 3939 8160 21528 21465 27465 29444 24199 2138 26078 2888 23904 9610 30200 17910 25787 12779 27748 4190 1688 19893 12443 21308 21759 20744 16827 11166 18879 2008 6018 32536 
16419 22134 8327 19897 13133 6810 24869 5813 14425 30784 22364 24126 10682 29268 804 6143 4593 11973 29391 16318 7793 31738 14465 11797 25716 11016 24136 13991 2551 2445 21021 15812 30110 10184 32221 27376 23493 17897 7053 30405 8827 30391 10828 20225 5550 19068 7575 27337 7704 13859 18380 10080 15338 6335 26460 6748 10850 6466 2119 14205 23745 28151 18040 18252 16366 23182 18751 16971 5821 6188 18442 23214 28098 19765 13865 14573 1879 20324 32364 14003 9349 9556 4523 3096 2679 14612 32597 14169 22848 7477 24284 30699 12168 13885 6518 18393 3276 26872 18404 32303 
15571 12534 32482 20660 4913 11728 30341 11346 5006 7189 29582 32303 1483 21739 1419 15492 22658 11386 24548 26345 28522 16791 3894 2333 13183 323 20430 14016 1310 22890 6169 18269 16369 8967 14589 20133 23574 25865 15726 1556 22062 6923 32324 30429 19549 3016 3810 12539 21795 18111 7609 7705 8499 29878 16702 3223 21859 1733 12883 15691 3425 25522 31200 28806 18262 19988 29137 8686 15892 25571 16137 32599 21114 29712 19928 21946 22511 1051 12527 3334 27489 8160 7137 12348 13568 825 4264 6199 22201 21907 22637 20649 27735 27626 28344 11315 4634 11750 3575 14114 
1801 13358 31839 27548 788 24221 20011 13024 17782 15472 26974 21553 32723 30919 15365 15540 26598 28454 5567 31339 24881 9641 30823 28749 29063 14920 12364 27879 8319 10467 7951 26209 21898 22660 24835 18773 9565 13247 23958 31058 13617 5656 10921 28977 16315 17207 15431 21925 7176 20441 6624 23347 25985 6925 11278 10609 14449 19293 15854 12034 15367 23501 11311 23470 22247 16107 14217 26427 15834 3591 18370 209 13924 8767 19525 25547 232 25080 28438 8851 7491 22903 15957 16460 23411 13473 12847 17625 24342 2330 28828 28155 29892 17366 20784 1555 30170 7159 23796 29805 
19201 2358 29034 23853 29523 10608 16412 17796 32476 14556 6750 4352 32656 20555 1070 32287 4329 17648 24357 20609 25221 7847 16353 19278 30772 22104 30469 941 1455 14882 31384 9164 10463 25141 24253 31468 13256 28400 402 15622 28173 26094 3637 17331 2238 10920 5321 23172 468 24458 17145 6685 18812 9579 5103 10942 17587 4057 9337 32169 31301 25491 9592 26265 14225 26944 20371 30766 11519 19038 5138 32326 21202 14259 30348 32464 13508 13429 15526 435 1937 1298 27783 27472 12479 32356 27671 20906 31643 32572 5584 3400 18383 9615 1400 31624 4327 481 30379 7100 
4497 18371 20392 29280 10062 18281 10232 2843 5183 16457 12280 21632 31183 17939 10386 17477 32306 346 5537 6774 27345 558 16123 4971 28473 31171 235 29856 6632 1065 16086 16189 10331 26057 19973 24192 20929 9736 31048 8960 15880 28231 5283 4621 5183 2637 5835 928 2089 31992 4830 17994 16662 30754 27254 10340 26408 875 13815 18419 8907 13345 27310 18299 22836 1026 23439 28072 30877 28554 3728 17208 22864 24190 6 13831 32429 22438 15779 8648 12311 23992 5758 26025 26847 32353 22584 22058 29035 30592 21530 25504 12299 17677 11631 15358 16071 911 8115 21361 
18751 6487 11241 30236 31374 3396 23800 8840 12694 21439 17166 11548 7355 12289 3039 10304 14291 3288 18283 8421 13756 24778 3234 14224 19618 17218 4542 14481 12486 12538 19684 8986 27906 6814 12498 25172 10039 941 590 24001 688 27933 9716 21726 5278 24334 2596 24012 10793 16287 15198 24738 25551 12332 32738 4069 29073 28655 15191 32707 22431 7828 16834 19072 20325 24279 20385 24256 25292 10745 5951 8978 20899 16801 18088 24699 6781 17134 19379 723 9582 15218 1538 21316 4747 27621 31871 3335 18054 19223 13270 29595 16267 12967 30131 3561 28202 30563 9001 13733 
23717 1858 21201 31557 15587 16389 10466 32159 4488 32002 22221 2531 29410 15284 565 12261 9084 4409 10670 19682 16437 6241 19213 11830 18470 21753 20247 5596 7004 10174 13482 12752 8577 7427 907 20290 3719 12376 8209 26696 27920 11050 10471 30401 8414 26324 8457 28276 31529 24340 10367 1186 19715 29384 13050 4645 29000 24041 9819 24567 5798 7412 8143 9810 27874 30088 25400 20329 18193 10254 630 24669 3890 31760 20917 15973 26087 18162 29795 31744 809 16752 16473 19116 20298 32413 30460 18159 29098 18599 31875 5118 6007 16281 11377 32017 6529 3056 15271 1587 
32037 4496 31015 18442 6326 336 9673 4726 2998 16773 32413 13795 26275 28212 11964 13852 5264 5783 6833 10113 29442 32046 30036 10436 15502 28131 1655 30985 11331 2599 18222 18453 27114 21921 32452 24911 10716 23368 18732 25460 15723 19987 30718 17382 29978 11015 24656 32277 26456 13775 8972 9799 6411 11799 9450 26951 31119 13545 7112 20137 24815 10963 11918 4496 27927 21581 32267 15087 3295 25681 12290 13982 21106 25286 4692 18105 27216 7303 6741 5091 31175 23215 4490 13413 24736 7106 30988 10660 11780 32543 14188 16745 3714 10843 1182 2389 28071 29716 13788 12806 
31958 11037 17664 16832 24289 9838 12929 24686 24115 5259 13252 7760 25401 25574 892 5208 19081 26204 14 2909 21662 27044 31793 3976 21727 14360 16919 7206 28024 28746 5462 23412 22812 6801 3836 8268 6971 14458 6218 18848 11627 8287 1922 21902 12292 16860 16806 30544 13959 11920 25414 26240 21748 25544 20610 24374 27459 3241 9183 28598 4738 7392 28340 18874 11975 25662 28385 7270 1441 10029 19077 556 7418 40 32650 3379 7885 10749 24360 26146 31488 13700 20042 10418 16027 14898 814 9198 503 7821 22946 29732 32103 367 32474 1551 10164 5806 23623 17002 
20681 11003 30804 31520 3373 10125 12800 16749 7928 25427 2479 19656 1571 28337 22934 19729 13415 4432 30471 16278 30853 950 10529 20909 29356 23386 27767 21312 25353 9325 11681 31837 15751 16481 10089 9417 18445 21832 13179 28031 9243 7546 13009 10356 20489 27725 11392 27613 21056 3000 5982 24751 13389 14269 24350 29911 20974 1659 8764 4598 27867 11146 19730 4196 22422 4627 30192 12053 9442 27962 2089 9843 16866 400 5649 1517 15930 12148 20796 9954 14022 16389 26953 7270 5834 4630 25216 2797 11408 14840 1822 32754 3641 22766 23081 10101 3696 14573 13612 30123 
10343 26954 18633 13448 24040 9078 19300 20514 12325 5695 23133 2104 30413 28561 8991 26827 6301 14221 14488 14737 8303 12668 7896 19473 404 27887 9637 27128 30679 21989 6257 22670 23474 20304 2561 6775 19683 2612 20086 7772 10841 30254 27902 23656 26777 16053 17993 13704 14767 3160 982 14245 1024 19206 20338 21178 29975 16462 15404 19552 25752 1595 29211 27229 12039 20513 15125 7969 14200 22545 13541 31285 32113 20215 32461 32454 13752 6143 21472 24795 1304 18640 19965 15002 31816 12310 6840 6384 12966 1494 11365 30019 12220 2279 7774 30752 27477 30325 31461 16397 
23882 22512 15721 309 22039 3443 10629 21401 7011 10302 30813 9095 1180 25764 26539 5239 27197 19545 11762 2992 24204 23832 1833 23432 24409 6856 690 9200 9116 28360 27147 6425 2500 20652 15593 9008 5268 9718 14242 5675 7317 21271 5453 30590 4198 23602 7906 22386 6567 24488 4048 22223 16764 1740 17664 23968 27523 24723 16107 13809 3216 10774 16528 26047 22862 29789 15384 5719 16711 25728 6009 2531 27267 25331 5742 30798 14848 11685 14260 23210 15108 31717 17412 18619 24518 31716 24338 11626 1445 31153 23748 19445 30058 8942 13294 23815 5105 16309 13616 10781 
28424 29098 4813 8346 29036 24065 21387 30743 25675 11473 8744 7146 23418 6908 3227 2281 31048 25070 16605 32190 23900 12733 15762 8979 14337 13633 31300 20076 19537 28110 11157 8613 19539 5243 30660 20995 21246 18643 24670 2957 3115 3226 1720 32190 1044 31550 10869 18452 23589 5680 24750 18600 11905 5550 24865 31462 26247 3887 16678 18544 8046 13654 32204 25316 21723 24820 29436 1190 19339 15004 8932 2486 306 2625 16553 7915 21012 1737 32463 24353 705 4692 20435 3702 14900 3776 1818 30604 20485 24159 17507 22619 26858 1580 30416 32492 47 6570 14571 31204 
16139 18779 29870 21473 2497 23764 12724 28526 32619 12329 26902 10862 15010 3883 16097 7743 28242 18765 3529 20547 5209 10928 20192 8029 27437 6424 13361 2786 1370 4392 17628 18436 4978 20110 2472 17418 210 23681 27166 5793 20213 15383 18766 6979 13827 2736 11635 30366 24569 11585 32317 31439 30737 3412 3014 23005 18866 15017 7595 6838 4004 10302 2571 1022 3923 8944 4884 20810 17857 8468 30180 3683 14207 13540 3851 2314 6633 8002 18771 4491 5497 26659 5544 12992 22979 12072 14127 32754 11866 7232 14300 10955 29879 23742 25808 28277 5159 30078 21328 12810 
24761 29014 11578 26991 21301 11639 3522 4962 23716 32056 27274 2029 4876 3901 26053 27312 15439 5746 27481 22127 12669 22220 6607 16247 5130 2045 17410 16250 6384 1 6725 22873 32443 23596 24283 25335 22764 18711 13305 9636 473 21740 1768 21660 4617 30948 21293 8782 27417 6205 5647 6934 29855 2056 18569 21871 26123 21746 12032 9835 18625 25937 5746 26038 16614 24256 761 31805 20283 25139 28913 19977 20539 32409 14124 14609 8200 8190 5991 10874 1531 24987 17194 32638 28132 3046 13421 26677 22019 25925 1027 28608 14654 5218 14546 17441 27478 5471 25836 22167 
461 11824 10916 8701 22333 27772 23783 9601 2532 2189 13505 31337 8635 13390 13906 13846 12492 18106 15626 20143 25672 7067 10532 5740 28079 20596 17285 23585 23036 23080 3573 18986 12114 13247 7807 16583 5304 25180 4812 21329 18119 15168 9088 12979 7211 16591 17952 11123 13002 27018 860 31690 20216 4249 7779 16445 23866 16410 16462 28639 153 27031 28295 13084 3695 12169 17608 1861 16732 16610 11478 9013 25018 31714 31928 23164 1398 31934 22000 11920 28909 24683 29365 25719 26990 2515 22197 13341 2648 13232 9893 14219 32229 1641 131 22929 12045 20566 4047 23710 
14994 15950 16043 11910 13179 25440 30925 26443 22353 25240 5715 30325 13391 21430 28151 19453 20910 10170 29460 24480 8215 19108 18028 19359 9024 12807 16258 7727 20223 21627 19783 18437 26886 21387 21031 3858 21117 10359 5511 26733 11499 29341 27975 11603 19014 16915 25082 3193 32022 13639 10903 25253 14260 12655 25278 16020 22532 21298 4266 13144 12263 17360 2830 21437 19397 13568 11075 31166 16086 10716 26129 7423 29511 18048 11680 24057 8476 24597 12573 4128 32154 27812 20425 5300 26281 32726 22360 24202 32605 19460 27387 29473 18178 7655 20428 19818 32492 32329 29083 5557 
29596 26004 436 9268 27742 29317 8389 26310 25265 16560 15274 8820 30789 15388 9764 23415 10604 25514 1287 29122 30648 29592 1968 29771 22148 27415 8903 32388 565 2644 28397 12564 8971 31442 8761 14275 20103 28016 1350 20490 29738 22563 27918 9325 26629 12049 5554 4762 20896 17650 22263 8538 26716 10722 31021 2041 2568 19451 22137 10247 27521 14447 17740 9010 14496 31440 24979 28020 8915 17832 16393 12959 31200 1511 12072 31625 2754 7314 11108 10143 14325 19932 15855 29538 9837 8110 1628 8603 22517 2214 29544 1484 8582 574 13741 1130 3800 7007 15974 5624 
13648 30962 32687 31393 25122 11170 10055 25243 24883 32723 5395 13749 24869 26672 3024 26407 29812 13318 26819 6095 12072 19262 22835 880 25366 23093 4658 21909 23605 32753 7716 10695 22439 6198 25247 310 26061 12012 27643 26868 24542 32547 30579 18307 25864 12851 21421 21157 5017 29030 1220 12807 572 7634 1031 15150 8440 13507 18697 3814 7163 796 28418 5100 7510 20668 13014 29451 14554 2120 7139 24609 11030 13972 31154 18924 22926 29195 30367 22001 2674 13643 20145 11530 19463 9457 155 2203 13560 6610 31174 15343 10044 9808 22815 15556 18400 14444 747 2664 
29797 23541 9555 23961 2466 32318 11428 8139 26620 29065 30435 1683 29374 30521 27239 3635 20620 17490 18275 778 22877 4614 5877 18387 29580 29110 20424 5067 6698 32216 27938 12623 3212 26957 27110 9167 13530 21448 670 32590 23780 3261 9955 24767 11829 25643 3299 24979 13016 8651 12497 32670 24075 9243 18359 8322 24787 15452 21185 10647 20127 24678 4896 18985 16521 29446 21574 1833 18162 4601 9151 12324 23708 11892 18493 1890 12480 9035 22847 23314 23611 24299 31426 19736 21207 9354 6523 4157 32242 9580 3451 32156 434 19681 24945 5744 29309 28093 7918 4419 
14343 24606 31655 7918 12593 31492 15135 22649 20822 15300 26677 30366 16736 30514 14503 25706 9388 9343 23622 21465 27380 6988 21641 24770 21264 8456 6510 8616 26293 16199 24672 5996 26247 16691 2016 15209 29212 21553 11450 27378 30425 15439 2011 13610 30105 10364 26979 8343 6627 2361 18687 15434 2994 19388 8767 24794 22361 28429 23504 25152 23222 2270 6499 24584 2946 3460 21921 17307 23704 21502 27688 14162 12032 17893 8059 25137 15048 2023 18098 23758 16969 26228 10505 6186 5255 22167 12774 24351 30712 25435 20213 12174 27607 29235 30920 11453 12786 9442 22201 1406 
3852 26877 31614 689 29551 6008 5663 15363 15978 1457 25763 18114 11217 12458 13143 14058 26325 27692 24584 483 21491 18416 19340 8550 6396 6812 15302 5696 20128 26379 4148 25017 12486 11947 7408 388 7250 30717 31051 17289 19753 28751 14561 19887 16979 12233 6940 15572 23410 15428 3354 23068 15431 3340 17923 1981 25918 23093 12250 2752 27749 3171 24823 13266 7125 18745 27351 3165 30327 10790 14972 19612 29211 5186 25614 3864 18437 26480 24571 15521 19003 3252 22547 30950 6734 2736 31872 5249 9316 15830 26130 10306 10693 18385 25615 16873 25351 30886 1523 16553 
30119 6940 30005 27419 14644 24803 17546 9993 19404 5489 25685 12252 4672 2061 15275 19762 19203 24156 9733 30336 7739 12490 8086 9362 16158 6819 18169 2219 31411 2345 9280 8056 25305 19414 18104 9363 25494 14719 7275 29892 7112 975 25498 282 11603 6380 13677 25724 23184 22514 23789 14566 14486 21225 3001 10791 23931 13502 8371 22190 5375 8845 10390 7713 17818 4520 29982 1572 9729 15942 32097 4554 15551 31016 16766 20584 12656 23883 4066 19682 10060 7284 31614 657 5818 14049 20656 25998 20409 26641 15923 29278 20239 22429 19789 10692 28845 17793 3355 22757 
21395 5888 30993 15391 23976 15960 17353 15555 30866 19349 805 21162 28892 14766 16188 30009 24664 16021 1309 32368 30822 19549 3883 9674 6335 22126 16568 22613 1086 2832 16464 10050 3163 1885 7825 26003 8313 1627 15945 123 28247 315 16249 12304 1730 18165 14843 4507 6038 18838 824 19692 3783 401 15447 9436 16769 10244 32066 27239 6214 16292 24589 4789 22475 28996 18964 14940 1426 8783 27972 17339 21380 5816 6228 2000 20114 12939 11916 13562 11922 21043 5036 30388 1445 17239 25858 27611 1651 12700 22360 22503 7131 14508 10549 16713 31499 26131 700 31511 
17264 23040 31308 14147 11648 15151 21048 9173 26316 21999 27266 5165 24798 22713 31917 12963 16887 26511 3710 31529 28293 15489 9472 12796 23816 19219 1255 7176 638 5628 4329 12517 18358 32255 4423 25660 26227 3180 4003 16322 29271 7379 31890 15352 11813 14274 11965 17809 1407 23098 25297 487 17976 20709 12863 9376 3867 26460 9708 18981 16963 2643 4631 30724 29537 29489 2535 5579 9675 12491 3192 2786 5275 26383 16285 15333 23480 31886 12813 11191 19858 3592 18097 5117 25543 8975 28828 20979 5665 28028 9785 27133 13225 11204 31374 885 18962 4350 671 4601 
2292 9719 28768 2608 23047 23766 4108 24374 17498 27799 23587 31609 27594 21629 17345 27956 31912 29415 3084 7337 2230 17390 24065 6676 21201 28155 29311 12597 29576 7632 28301 17607 6383 24441 1427 3594 11803 2046 9957 31189 14043 6670 20261 6439 29260 11928 9700 17523 16242 17234 27267 2392 8079 6575 25361 32154 30823 2753 12083 13706 951 5946 14616 1167 30354 28731 31137 10928 13798 30575 32181 24418 4504 16550 16255 17807 5698 7063 10756 11691 14935 183 9490 28209 12565 13108 20162 21258 22576 11940 16731 15434 17111 10966 7647 24044 6766 24455 23435 6163 
20591 23928 1465 18244 24080 17393 5245 32588 17161 23482 30097 23469 11910 25798 25034 12768 15225 12850 14696 28598 24392 2855 2363 31046 10250 30210 2704 23409 27347 22157 6838 21974 18842 24393 30841 18977 18726 21666 18006 9515 3198 22079 21978 1375 23072 27424 13935 12710 30714 9890 29459 9498 856 32273 29726 9973 4515 1023 15086 4932 17798 8714 24136 15742 20915 12622 492 16388 11418 14293 25501 5573 3726 31850 17487 19955 22032 24125 21546 13422 2595 1761 6748 14821 32632 21769 24553 1613 31458 20513 29873 23524 9356 13914 18344 26480 30550 8713 31062 13134 
16974 24348 31191 23480 1047 4866 30976 5761 32492 5839 7716 28292 30909 10581 25332 22700 13255 25493 6969 8232 11028 12620 7623 32060 14496 9900 11163 5287 9284 682 26443 25913 20965 26177 22250 10035 31587 12292 2402 18632 4004 10478 23150 18226 3772 467 13528 30380 13208 31596 12754 25827 17286 9348 21509 2495 10704 4245 9158 2789 30648 29892 3110 11873 10948 4522 25203 26022 22136 5152 6482 23390 24933 4150 16976 8171 22601 4268 7771 20343 8079 17837 19695 10805 31275 4603 8207 20338 16559 8543 19112 26490 16823 31364 8771 21108 3741 6366 17506 27957 
24778 25302 2431 20747 26217 577 9480 24789 16738 3855 15880 3322 7455 18041 18871 12649 32413 14208 3271 4410 30960 21168 32587 10753 8252 10566 5792 8271 28671 3138 15512 8457 13385 22106 21742 26388 21627 29186 2004 31953 19114 16686 15124 6755 28698 11926 9630 32547 12683 20188 996 3128 8496 22587 5981 1246 6668 5387 27086 211 26154 27345 3106 26841 12217 14012 637 20376 26494 14576 26315 29502 5275 24743 10447 18050 6340 6944 2060 7102 7987 4449 30856 25357 17801 28343 32063 23948 23623 3924 28731 1830 27705 6150 5088 1120 18346 10118 7960 23326 
20165 14490 28746 4831 21549 9609 9571 24496 31660 9417 32672 2604 17868 27826 27584 23587 15058 28106 12236 1439 32571 11346 28800 28930 7717 23632 28323 29069 24686 4762 1697 21740 16380 7712 17339 6151 30823 8661 12320 8419 30129 8864 19642 8848 14178 18028 741 15970 21698 20965 6866 28647 20338 12555 23190 14263 21819 23789 18797 15193 2078 6803 11076 15595 27757 16743 11664 1793 29197 20315 10967 2544 23266 14106 27423 1325 20438 14233 32573 20532 28296 23147 11602 10794 27736 23202 10057 11478 17004 26548 15149 5864 15570 30202 26896 126 30399 6216 8289 28694 
7192 29533 1983 9784 12875 9777 27102 19483 25825 546 17407 7110 26376 4672 18640 16018 9986 28812 11282 3838 9120 13397 16830 19606 25213 10532 22704 28736 31760 26382 20020 28125 10501 14094 22994 15284 8184 4951 23478 22511 3005 29370 30943 102 4654 31377 1937 25496 26785 24760 29515 29106 3735 21946 27338 2070 3764 28892 18949 26315 3750 17552 24661 7549 15930 4687 12584 21634 11062 30159 19727 326 14376 21453 17127 11624 22710 1070 18987 11316 7291 6631 28556 16685 1876 13671 5739 5566 27109 15768 31974 24269 17298 32672 25604 28085 29106 21292 21076 12025 
7277 5851 6446 22542 5795 28986 8718 9189 12770 4383 1282 14864 13241 32235 7225 18002 13243 21196 27074 30572 22326 3676 28948 23109 29072 1026 646 21150 17159 25853 19134 11469 30229 15530 25498 755 25773 26001 12155 13198 9478 1457 26907 32047 16461 8509 21849 18646 2935 9448 27527 20465 10602 1445 28885 7104 23361 4379 2954 27647 5001 14373 4950 1968 17632 26517 26145 25830 87 22975 4229 29254 3570 11087 16558 29436 9768 31850 10222 24338 14911 15176 30274 20399 935 5246 379 5769 13975 15564 21707 27611 14023 17865 27475 775 8350 28560 21079 27430 
24506 5320 32277 12022 21104 2104 26192 12842 25480 32549 2210 30468 10523 23452 23215 1863 5138 5347 23472 31034 31062 29713 19148 5657 26776 19969 23459 8226 7211 8198 25873 26245 18453 4189 9024 25498 5607 18758 21359 2380 20701 21409 32517 1670 1671 22765 4388 28895 8244 17446 9135 5350 5484 29911 27384 18022 28510 4425 5715 23910 8789 19617 28970 6266 4721 10996 30452 22233 26746 12879 3875 9316 20730 2719 12003 25293 14103 7176 32414 9851 23727 16574 5109 13779 14476 31040 11926 20478 3667 23897 25391 14061 28114 28023 7886 13927 28682 687 27499 21538 
28827 11150 13532 169 19313 19373 23077 16643 13414 30601 24503 28924 8747 31762 31501 6459 25474 8062 29570 1691 4133 27114 29665 16331 19613 19128 9394 8647 30663 17067 18973 25640 19099 27802 13591 4509 20150 16081 5978 4951 21301 18917 20175 22616 28789 12222 454 15465 32493 28930 32703 28309 7431 22985 3253 30100 23903 4387 992 9576 9529 16924 17172 12451 1171 10017 3530 1513 28471 510 27068 3421 11387 31291 24879 29385 9288 6453 29967 32522 23345 13463 12796 30455 11640 1498 19365 32010 15183 12532 7033 3483 21387 1693 31212 4281 930 7375 24416 29850 
9624 25807 27840 6009 3972 8490 21229 3250 19995 5551 3670 22363 16869 6291 17567 4747 1815 16632 13199 13580 32670 18276 14910 24159 17221 19009 16221 24740 32745 6366 8208 18204 28783 25636 27165 19274 3137 13214 5011 2209 21535 1106 9734 14932 4647 9706 3094 13325 23677 28668 17395 22198 24589 12887 11420 12326 16378 8367 16862 9991 28366 21588 5457 7849 22773 9758 13560 7463 10051 940 3389 15542 10439 12760 2663 9294 27373 26360 31656 5884 4988 20448 27499 14364 13855 22573 31425 14223 17182 19049 32114 20392 14381 18506 23041 28436 23160 10695 28875 28930 
2438 1854 30693 6937 22542 20043 10259 11741 19658 24413 30538 3250 31425 7202 11884 17236 19713 4397 16879 4641 10362 542 17086 31770 28221 5598 24928 32328 23754 18752 5382 27285 13301 32697 7789 14947 17477 25644 2749 11838 14624 9983 18835 22648 31232 9859 2726 27625 23789 17523 8722 25078 13415 30269 7335 28347 16333 5692 27128 31101 17911 10345 12828 6629 13723 24807 17219 28561 27831 13913 32715 190 30083 20479 22604 25314 24675 13036 27816 20536 18283 2075 2597 28034 28343 2661 6787 2785 22800 10342 7217 19062 28114 6626 27887 17803 12460 8445 10852 18379 
1000 10701 21912 6999 15343 1691 25778 5717 23548 30687 22890 1644 10622 20383 9578 1034 12196 1103 4314 10254 20961 31612 21804 293 754 25104 22196 12775 14347 1089 29782 24592 24895 14399 31295 18536 19132 27595 24443 26421 18609 28996 11929 9417 30366 10950 1174 22686 6634 22675 32383 3074 27955 31284 22145 19834 9376 3092 22268 24880 9099 22347 24057 17857 11716 3114 10795 32589 29682 14997 26188 211 14885 8445 22340 8084 2958 18313 14213 19996 28149 30179 4624 12386 31169 20391 30142 1281 27520 10822 30709 22094 467 21679 12484 1655 30403 5574 17384 22740 
27824 25401 30951 27710 23695 13958 25486 26528 28643 18794 10995 13961 17158 18192 14704 21195 1491 13561 21373 2039 23468 14213 31763 19462 15147 31017 27400 7052 27578 8943 18675 14557 19708 17387 27564 7052 24050 12460 12806 8383 31036 8984 19763 15142 18549 31533 15221 13198 25175 25011 3858 1187 29294 12075 24803 31489 22213 6366 24735 13843 4795 8134 24950 12247 5876 16617 359 16349 9989 21859 21997 20578 19084 18870 540 17445 2514 16663 28089 18929 16033 3801 16782 15829 13179 18829 25592 16852 20679 31263 1439 23867 23565 13421 2151 269 15848 11479 11500 25879 
9113 16833 25894 19885 27547 32457 27013 30565 5018 30153 4046 7091 1058 12125 17828 9980 16003 777 2356 12923 4851 21728 16747 18345 25895 5922 2565 10901 2652 32735 2419 15745 13027 3240 9063 32004 659 2999 15192 10383 24301 13963 26584 17596 27042 22745 13694 18632 3871 8396 13928 19445 21491 19370 32496 17951 24740 19427 10329 14000 5249 18405 16337 21541 30272 20453 6049 10974 3160 20142 14578 5077 17772 23763 8779 23614 257 30982 8803 32060 17262 28943 32593 9028 2058 14376 1571 12202 26582 4211 19433 15074 4810 22295 27854 30365 13413 8747 6713 7467 
16609 9998 22663 7135 20220 21024 17701 10779 16197 32360 371 19762 16727 24569 30223 27076 10804 17860 30281 26200 15408 28469 9051 6834 32648 18367 24975 4811 17631 21987 27416 26390 24864 22264 21609 22215 24072 188 18465 28043 13196 11255 20003 692 2446 30529 19660 24050 31423 12225 4888 16695 32189 24780 16949 23010 18321 10547 22035 6770 8052 1115 32392 7705 14144 25997 31163 7471 26991 5375 74 26653 16839 13241 9823 1185 30388 11783 2204 21623 7305 24197 2186 19947 31944 29086 24987 17322 17294 5037 32124 1238 19579 6340 888 6602 21464 26533 8307 9281 
32371 30020 493 11074 24694 5332 27918 24225 5016 13482 23867 20177 32547 16376 18733 10447 9875 27568 24015 2340 27481 7184 13389 9626 8523 25446 18058 16934 166 22084 8407 11456 28550 5009 19927 13145 22725 28096 3345 391 22440 31316 32609 31758 19535 775 12556 4858 16981 26916 13173 16449 956 4217 25432 562 23348 4355 2304 16501 15728 30945 14545 18649 9069 279 31136 26002 21184 6189 8126 25277 7966 20172 16241 12148 27621 17960 5264 32437 26804 17534 13647 17860 27883 11952 21349 25926 22446 24349 16602 2342 756 18308 10714 19793 19017 13549 28686 15235 
2259 32415 10836 23976 27402 31743 31649 11613 15213 3052 197 5506 4371 3851 21561 21314 11441 28482 26890 10792 24915 24659 24134 14632 8584 24841 3300 18853 16164 18805 31055 4850 21724 2157 17238 20656 22707 411 4536 11009 17718 12250 18524 19834 1491 30224 22712 29699 23001 27638 16500 27238 27258 11757 2456 16233 30609 32226 24873 26677 20500 20669 11727 5338 14032 9210 29673 11544 13561 407 11512 3392 25402 5031 23420 6140 15956 20989 18421 27395 28536 24600 2449 19628 2403 13310 27966 31615 11441 25031 30388 9549 13662 6095 27555 5018 6960 8458 12534 20521 
894 26030 30590 3884 29705 12152 26909 10525 22607 15115 18100 32739 25166 10154 6715 32431 32231 18230 29983 22503 4318 20041 16363 23972 24180 21514 30441 13355 19224 5866 14843 7014 21418 15676 21992 30978 346 22718 15659 17742 24089 14618 5889 18064 13536 18051 5228 10102 22525 23274 15820 8523 13029 10834 6344 18848 2836 24150 4366 20186 25226 19831 1100 17005 1364 14278 9178 29629 2598 32227 31265 26134 12568 912 333 408 30555 7851 5952 22805 4786 5972 2240 20974 12491 2032 14863 20145 2788 5244 28033 20893 14566 22167 255 8922 22182 24516 20564 13133 
5215 17711 21983 19523 32744 8961 21608 21034 20152 28443 23499 3382 114 11954 9612 28061 32291 32430 30438 6724 20763 19987 8658 16607 2037 26889 13997 28071 32092 5951 22360 27252 15052 22135 7813 31136 8681 10559 21299 28005 1516 6974 32240 22857 4781 32461 5711 23287 17793 14985 24395 2999 16232 6202 1884 20803 28884 23075 23302 12532 20809 3085 10049 22228 15616 32139 25557 32495 2441 8839 31754 21621 2474 28269 3230 17248 31404 12065 24348 25807 9317 20845 343 16752 20907 26372 2671 13877 18355 2128 25483 31562 25121 6211 10631 7195 6970 16340 6419 20023 
13986 415 16558 24327 14565 7458 29477 30667 2945 11480 31155 16879 2038 11893 19551 18943 19190 8228 4396 32008 24917 27869 1910 25359 28024 24237 18214 10891 15420 21098 29427 7706 16931 26947 9677 20323 7486 24203 21779 12431 13334 19239 16494 29582 30273 31796 7648 25224 1790 22867 5761 27484 1101 2126 18853 11322 12017 16802 18676 8992 30842 11828 27063 15756 12695 4024 17089 19700 15667 28438 15102 22978 7092 30179 24366 8597 12510 13288 11338 21951 15435 16648 1074 8897 22234 28960 13661 20127 12731 29378 29211 4686 1124 27423 32190 6661 27943 2732 4124 17296 
14321 14435 2695 29160 19258 28331 9513 14439 11457 30862 23329 13469 13891 32612 31387 26882 18305 20471 7397 19746 12683 9485 22016 16354 17826 6936 20 9158 31889 1377 15122 27231 8321 15476 23317 14849 4900 28519 18495 1709 24276 32164 25330 20494 4135 10040 23288 20518 30128 807 30850 27845 1950 8731 26361 28200 26673 20587 17466 18984 8138 14400 26910 23201 14186 9664 10118 31520 19577 5317 6029 20555 2581 27528 5997 16072 27071 6391 28389 21339 27326 26692 17839 17501 56 14384 10873 20063 28677 17702 18498 30053 7673 13197 23949 24652 29881 21839 22408 28602 
7129 9958 29065 29179 32757 29305 15054 15328 22705 17325 31400 12370 18454 12299 26681 22287 18820 32351 13232 30532 29258 26910 16572 25082 31245 30262 9793 17177 20819 14106 14659 4962 9412 23106 8328 25414 8245 16850 20823 11765 6822 10329 11649 23209 14886 10748 20583 25545 23440 20721 18887 25397 21746 21981 19285 3787 18765 2186 31192 7329 22416 10279 23131 8159 18872 14951 31844 21373 3909 17396 14920 2088 16701 9703 4238 17723 29115 21742 11496 32370 19553 20297 14571 17878 16490 12535 6185 30278 358 21413 9748 417 11245 32443 15709 20838 22274 5611 2249 17786 
32466 10330 25055 7732 27266 11002 23410 18787 2812 13406 26412 83 20891 21633 25214 16505 31831 28699 20885 15063 11132 16889 1573 7993 6165 14656 32264 15191 7338 31849 11568 30856 24665 26005 28522 17524 10008 6253 3070 368 24419 9683 21131 5245 2094 32630 17292 20421 15977 29401 9322 7471 3521 21994 17908 22253 580 22950 10112 16457 12042 20820 20660 10371 21012 29349 19616 6784 25865 3921 27421 27008 122 30139 8396 14398 21663 12239 20459 28165 24411 14649 14487 26535 17164 16279 19506 8243 25360 15978 25882 16362 4506 1892 2251 15505 16179 26338 16349 11501 
8752 17687 11959 12684 8502 28141 1126 15943 27329 15372 2775 27543 24932 21944 25477 514 25837 26347 20104 5573 32491 28855 15282 7352 3588 23273 18240 21341 18662 29126 13425 31801 7927 7804 29654 9079 23946 11834 10459 24294 30783 2806 7051 13517 3255 20215 8781 754 25633 18570 2120 4857 5779 11278 22692 17888 25811 29230 32347 21613 19038 28978 11211 28837 6814 2496 11478 16563 13057 12933 4910 10220 23921 30318 12792 23347 23747 31706 13220 30813 5903 25834 19167 23183 18625 26365 19966 22705 3618 18025 24933 9957 13934 27839 14094 22727 24273 26096 14061 31165 
8893 17843 5986 8803 27058 5654 5736 26138 4191 9322 16329 22901 2189 11231 6330 25626 30293 1050 1999 16610 11838 1621 23497 26234 3605 13664 8956 16567 32578 11691 208 2677 29000 5481 15386 24108 27111 14691 14581 13581 16954 23544 7827 22219 29538 940 1143 21210 32278 25527 20980 7352 6561 20545 2174 23625 7043 15998 13360 8758 31870 12333 27481 27668 28173 28777 26663 9602 31819 14226 28837 8788 13031 11627 26745 32158 31521 22188 2391 11319 14023 2015 21426 5463 31038 2996 7609 1208 6875 18460 22518 16498 9624 28135 26067 6547 11185 26238 20024 16150 
3112 32339 13942 17671 19621 29372 8148 28983 16498 24992 29765 1332 17282 11840 18758 24766 26245 23729 7673 22001 21351 8666 20549 22564 20702 15184 1394 28740 17416 31511 13028 22183 71 19974 14345 17268 22876 21507 547 3260 4257 10893 5120 29599 22868 20018 25269 10586 31630 20428 6915 27815 20589 19557 7475 21385 26399 3103 567 32142 6066 31487 17365 1838 9166 11719 15717 28878 21049 17954 18912 3939 21550 31053 1503 18340 25375 15360 13412 1942 19712 30438 15317 31957 2788 13704 5726 21053 25765 25173 21466 25794 401 6654 6083 2022 14734 15281 22470 32496 
11191 21301 30702 9196 25068 21371 28317 17264 15256 8899 8290 17056 4704 3084 7763 19429 13967 16986 31436 32419 19195 20569 21677 7163 10643 9178 24789 512 13341 28741 28879 23090 31174 22505 16796 18777 28483 17388 28342 29080 4250 8122 1941 1725 20202 23941 4872 19379 3818 22648 15159 8081 10895 25724 29945 29138 11258 14317 26456 1863 10217 8873 27911 24685 18456 21088 27140 14307 30386 8658 12618 10075 29642 14424 22917 26983 15168 23106 17378 30673 5116 17815 28328 3826 10475 8972 12696 25780 23843 22480 17478 6009 1723 19503 10965 5706 359 11136 26218 16553 
6894 22893 17577 8134 31424 11046 31722 28306 26915 19395 31582 27393 2907 11339 19432 26113 17617 28388 13381 9024 7246 12252 12837 13336 29511 32013 12336 26343 7507 9567 7044 23648 23331 1837 17900 12194 21696 15538 20129 20811 1818 20343 29280 1472 28305 24461 12709 32154 24618 1796 20585 7992 2203 25835 22009 32069 27133 19294 30867 8781 12881 22870 15516 23128 19526 25588 11672 30957 16541 26062 20486 9850 19800 13545 14839 21593 10534 16299 1244 23018 7250 1590 6177 23383 31208 32099 1546 4742 17344 3574 9294 16030 16473 7920 7432 28525 10863 26287 22095 27408 
18329 15664 10552 31711 25341 20750 13463 22020 24932 21201 2399 3905 20941 28227 32104 21141 17200 22897 21282 2866 2324 31973 1641 14613 1176 14926 8553 19298 30367 27742 17536 23494 20211 10536 25972 20991 25063 27128 22721 25786 23959 31635 2841 18334 19645 13801 3227 26681 6842 29848 5036 200 18580 24385 29549 29305 9482 27737 2392 24668 12042 13289 4542 9092 24809 32096 16399 22013 1891 4307 15166 28769 23214 29565 6842 11734 20674 22579 31480 13907 4011 27358 19645 27334 8582 9022 1775 22868 3691 17794 18868 6334 18776 6068 29176 29823 1545 32632 22868 25579 
10821 27476 6262 26419 28299 25908 9638 32375 15927 1187 20396 21984 861 32130 13300 26474 14890 19214 17264 12787 2569 4611 8711 19131 14420 26761 28647 32701 25267 26909 3713 27576 27458 22728 8827 7394 16023 18374 17020 10637 5293 143 30564 17337 32128 2116 17636 2220 30284 6456 31170 29339 16252 11814 1369 19284 3359 17646 5525 15330 28387 23199 19136 5438 7099 1976 1435 4084 4318 16374 27788 12412 22223 14611 25207 5895 5097 7055 19100 8365 24815 18580 2123 2707 31890 12430 25588 24279 32347 19746 14403 24850 28173 28239 15159 8925 1900 17897 16463 24977 
5908 15110 10543 14714 11636 28841 4313 7138 15638 3712 29215 24810 4429 14953 9169 24541 4166 12603 31295 24024 9036 29935 4329 27514 606 29032 18721 9500 5274 19836 24520 24212 20960 15267 11732 2310 25407 25628 13314 19446 11269 1041 7443 28043 864 1217 32615 17886 7183 30236 8538 19626 9606 6585 14403 1160 31394 11081 8410 11820 29560 1191 2990 3324 6909 24358 32207 3046 4324 1482 21723 28968 11076 20884 2810 17214 7452 31306 6941 11297 11564 12217 30266 28812 7805 7226 1883 10660 25571 19704 27754 10678 5533 15062 15152 31335 6092 5219 27916 29046 
19020 29916 2128 9420 28785 26578 4207 29232 12862 2789 28117 13381 7787 19368 26498 27878 21188 10358 6657 18036 19628 31408 20263 14834 26810 16324 1504 19429 23722 10403 5128 3975 3733 5223 11633 1637 25423 4610 19757 25955 32713 11378 29822 12443 750 11826 259 29317 3127 7190 5166 27899 20199 14675 29372 1035 24745 9009 5686 13745 11226 2364 31077 3629 507 23780 26030 9948 26735 19617 19383 22660 5388 373 27907 8142 11511 15272 2254 4193 12949 1162 5311 1346 3490 27295 28742 11772 15821 4500 1015 25593 7335 25695 19246 610 27665 13543 15570 1137 
5066 32559 29007 11513 11628 11178 6886 2642 1975 22518 25384 31420 13611 857 29058 12017 15403 1198 32171 18968 19515 10539 29949 12514 31269 10238 6116 17116 9230 30819 11602 22106 11255 31521 13264 32352 30713 23749 28648 14051 25536 17746 13593 21269 14718 18973 3001 3680 20262 4052 29371 30637 3670 8271 26388 3607 27135 30280 2553 29109 14736 14970 16295 7797 1866 24944 27485 24851 16264 21260 6809 24418 16148 9075 11351 8061 11409 10726 21090 6783 17527 16095 23153 30796 27556 19631 13769 1720 29381 27725 21317 24612 22310 6410 16 24664 32714 23588 10981 255 
26095 26771 14342 15373 17422 24421 30602 14519 30 6601 13676 16481 3150 6470 24734 14457 10434 20999 26409 145 19975 2724 17116 9797 28818 11921 31670 32041 21209 3766 12952 26666 28624 28014 17877 6327 24189 12940 2738 27350 19098 5611 17698 5767 18466 8771 9033 10320 29560 20382 17093 25778 21468 21937 4984 2605 8094 18274 26022 19310 4441 774 22951 13936 8518 26342 17091 7621 10550 24735 28904 27463 21164 12945 19973 26540 26434 11813 31133 1959 22940 9519 32542 3238 9582 23572 14434 26651 20681 27311 2662 28238 28678 14968 22748 4334 12407 21690 28427 14860 
12886 24491 29660 17365 29369 25674 23557 27057 7651 26228 6216 21354 9443 1869 23461 31517 16726 29492 5557 27777 19418 3784 28946 24527 1337 17760 13218 2799 29135 16727 28066 3852 24915 8540 30162 21241 12755 28419 4283 19834 10720 27792 7064 4535 32099 25691 20434 32155 24336 30087 27175 4846 28039 3715 12747 18494 6279 7180 32312 29072 17001 30150 24404 10977 2259 11706 9557 31720 4090 7086 16885 25146 28539 17735 6954 14375 13159 32473 12008 21516 14234 9787 23141 16061 26275 16130 30042 19162 4833 5864 18976 8627 20665 4686 29320 27064 11918 20126 20584 27098 
4841 23517 22011 2583 19712 32244 19323 10170 2762 11529 3440 5993 11174 23182 23581 13847 19973 9237 3077 17090 32585 19126 18983 14768 24821 1408 3787 8968 31271 27761 14599 5654 22521 26503 19868 19922 9298 29138 31103 5205 28447 10446 2085 13279 9248 26508 8233 12404 15325 25402 26485 6365 27602 25971 15240 9190 3080 22216 25202 4997 22757 15426 906 25222 21097 3378 23249 5829 13645 21406 2131 17959 3571 9049 32140 22577 14742 31382 25215 16467 1141 13100 798 3523 6473 5233 30352 9240 3210 11762 20864 25625 4984 21218 16122 13046 7080 21229 1148 1116 
9949 29905 29534 21440 11451 4048 8501 13223 29564 7171 18379 21046 21577 21614 27191 5054 24714 5048 7238 3401 23923 13296 9117 5971 1432 8528 29374 15947 5623 12827 6928 21869 5419 6567 20982 23360 31199 7433 15566 15351 31938 116 13713 302 13210 16478 27999 27320 9989 27482 4181 10727 21072 27799 9088 25663 4653 18319 29747 3138 28721 4596 6652 7498 28055 29755 31126 5416 1228 12293 15095 7374 23662 24991 8312 755 23762 20520 21982 7013 12685 9184 16917 20411 12588 2037 23703 6361 19550 29020 9975 27405 19237 8129 27346 12477 22433 24092 29928 7658 
12954 19447 21601 6518 31743 16848 9501 25720 17349 9695 2599 21877 3487 6142 28999 9941 8216 27046 4606 25195 1295 9834 5466 5004 12309 19727 12400 27490 9736 15423 18650 20459 15478 17732 9340 27009 6243 12976 20865 30381 1265 2698 16340 4506 31220 11686 6249 25904 9630 11322 23157 21145 1892 29551 17968 2409 25231 18509 4268 6333 3685 5868 13371 14647 9735 15629 30281 12063 6848 28017 26604 3835 31729 1355 10282 16508 21660 15622 956 13631 14221 32582 32198 23897 150 23517 19866 12162 21335 21980 30983 14291 14293 19196 8356 15798 11981 27597 10176 26862 
32043 16797 29509 4130 555 29578 1412 28737 9479 23543 28273 25148 2669 4022 13704 12786 26528 20334 12705 28738 20084 14925 5926 4553 9015 2232 6326 16043 20059 11570 24009 6766 24742 8634 18955 17262 16233 18692 4989 20960 2977 22187 30957 15734 32128 20080 3454 21522 8488 7487 1464 31061 25623 5040 3278 27044 17853 29640 9382 20943 18828 24926 31530 1310 756 21749 7167 14005 25290 23502 6429 29199 27935 19761 4131 6109 11738 9773 28713 6427 7106 21779 17272 1145 1824 30961 32301 27177 16267 16775 18763 26826 26968 25174 21375 19653 29739 1985 807 3317 
13853 24170 27545 28844 17355 27309 3519 23257 2632 10132 12165 17241 5116 28014 12785 8870 437 18892 23948 25150 29211 32400 12671 5751 22404 12821 5175 20877 24294 5565 21454 30925 18624 22279 24784 18118 29594 8376 7178 31572 11428 7569 8718 30493 21283 9450 830 11662 20134 30378 31631 3536 27579 2151 20609 25294 7062 30298 2021 23590 10669 17902 23607 10309 9268 26655 31638 2749 13906 32439 32302 30457 5133 5921 20400 24400 1816 24997 2797 4265 29270 526 30060 15264 13523 32281 22843 32128 9033 3995 13805 16355 29664 31252 2684 1454 2294 19651 2002 6350 
1322 13421 31731 28408 17313 16550 24866 29606 3025 21304 7290 27918 28794 31133 675 21353 25625 16029 794 3090 16412 4255 30963 16043 22917 21319 15786 28429 10959 25405 9166 23053 16425 22321 27861 18516 27227 21563 28790 16625 11524 20840 20788 21774 20474 9412 3618 4275 29305 29661 25021 20440 24934 27741 1110 2978 1268 2054 19609 12560 10268 24026 5013 9975 20404 20387 9473 1046 2243 29653 2547 24477 28342 16808 24270 4464 21236 17951 26384 21416 3796 11733 21827 21344 27309 22767 2910 1564 21531 19477 24341 15197 12360 14056 32665 25416 7599 24267 23074 18511 
