5857 10152 30404 8682 3044 24410 29351 17110 2762 2747 29122 11252 8017 1476 16477 18277 9277 6916 25094 3114 31435 8637 8279 6066 23737 26557 3762 17336 7807 26220 30910 25125 22979 9764 19051 26601 17655 21171 11977 25659 5045 23200 1183 5598 19945 12811 10401 18518 30994 25784 
2042 25815 3806 5416 27225 8202 19276 24995 31902 4213 14665 20962 24390 6014 4854 29543 6521 18105 27662 13947 2916 27087 13630 3761 10084 9111 24991 20319 30703 28869 16248 9913 1951 1337 9070 17449 1017 14997 29330 12293 30857 9993 1278 18048 20418 26883 22800 27047 6535 25389 
19196 258 6214 32476 408 468 1780 6293 7329 17084 6274 12684 2302 2788 1605 13172 4276 27930 18389 24273 28229 4219 18092 25403 23278 10350 12841 10386 28375 8826 30486 8277 8589 22655 4400 22341 6424 23045 24496 20803 13410 1722 25503 17206 27657 13272 12924 2858 225 22158 
19411 32312 13297 10701 16196 9676 13240 6125 407 16109 31880 924 14800 3661 31195 21255 9113 31995 21720 28634 17464 1355 22535 15682 31908 27395 10273 31303 30002 9727 17840 7349 21190 4243 14510 27847 2528 3315 14881 9 17112 24575 21924 10777 21663 23075 16447 32010 2122 27092 
11525 23113 2687 6307 18889 97 30042 7253 16679 7804 1402 5242 26680 9432 28279 28543 8123 25921 2161 13354 26383 23610 20341 820 28895 9253 19002 3895 31074 11446 23629 4236 23834 1262 12115 28654 32677 19753 13213 12692 22033 15544 25026 32013 14253 10294 31222 5485 18469 20520 
27438 16797 22897 23608 23083 5172 29274 21443 21773 19299 24578 9559 16108 3903 17767 564 13034 32580 27434 20460 20886 20186 28013 15288 19928 31878 22739 25046 4303 6778 24618 1755 8219 30684 25008 16696 25275 20886 18274 20674 7709 8853 1975 21680 15901 19594 4802 26511 7791 12242 
13085 32717 30565 23962 9607 20190 27112 8613 25974 31914 3769 22829 10502 23303 18218 1351 8291 1852 2393 5462 2968 18839 15217 28171 8494 29781 23195 18641 14505 12107 10276 12959 18144 9056 23206 7939 31767 4030 22763 24887 29194 1314 17529 15343 8653 6965 331 15150 22933 13387 
8994 20499 25715 23368 30877 19976 20214 15882 3863 23189 13666 31580 13019 30818 6499 1049 10643 8037 10944 26164 29685 5126 17097 941 17765 7753 28663 724 15172 14058 9255 22573 14287 2440 267 2680 2997 31700 28317 11558 13958 31820 18585 5669 23879 28802 26938 17075 388 28105 
25513 14815 29605 18322 3681 12344 26710 11577 5175 29581 12851 7483 478 26647 30091 18507 28864 13395 5701 12758 30992 4036 29918 4657 3188 24966 7408 19307 14041 6799 18514 24494 2600 27335 32220 19454 21009 17898 22792 30264 21339 8883 19725 17337 23872 5209 29783 11382 19876 30044 
24364 18698 19716 12949 16245 15520 7827 3942 24439 13750 32372 13141 8736 11723 18258 24719 8289 24612 13017 14825 30445 20995 17118 19505 28640 2765 6578 20102 16845 18802 18855 11406 26306 26973 19904 20136 908 3638 16335 7940 8678 10930 31570 6552 12339 14297 169 31939 7250 20561 
15225 13766 24896 28546 1613 25945 13748 19348 11508 23656 20640 16721 14663 4958 13808 23338 1519 25373 23265 17713 8717 18996 30486 13996 32055 22111 10438 28699 19270 27536 7649 29304 32657 3581 12025 8867 31815 25183 27767 2977 16350 2692 20268 5097 6946 17063 23822 19587 31745 12376 
22900 26310 30786 21840 5030 18388 7137 23293 4710 15467 2896 4375 18991 6704 8589 27045 16854 21902 13332 8247 27365 19875 11986 10283 5551 15758 26999 13787 28967 15855 18630 19442 584 8516 15457 24033 30942 14810 27247 11849 29523 18609 11629 32719 11536 8680 3850 17668 17893 7317 
13011 179 30075 29969 15956 10789 9028 28940 1853 9111 19042 27955 19922 1274 8713 20117 5441 11610 1612 20467 1944 31133 2656 21799 19183 21828 8439 12702 3303 6470 23875 12244 18169 22874 909 20426 14519 29058 23300 32560 16375 30432 2490 11152 10658 21536 11543 22730 11722 21666 
5897 9569 22653 957 4375 7224 2490 15050 18634 12561 22301 14739 1726 17324 3351 24774 18908 4779 26801 25851 29280 23445 10610 20272 15563 12795 31104 6456 26705 2516 10075 3622 9351 4640 7757 18838 8118 4887 9502 17936 1532 834 26953 30715 7458 6076 31619 2343 4880 24822 
19128 15305 2036 18193 3916 15871 16221 3649 1735 22695 20568 21754 7298 27744 25406 18896 5669 6442 325 17832 2733 10765 5790 6760 5139 32093 28861 32165 12371 16367 3240 30516 9239 24192 22571 22272 16614 19765 22353 23173 6028 10724 32534 12762 20352 516 19726 348 4472 26744 
18436 6935 8364 26202 28543 16073 30013 28750 29541 27397 5452 17944 27470 19126 24315 9027 26960 21133 1357 6016 807 22039 30040 13996 13029 4808 15383 31870 30359 14651 5008 8768 6366 21487 18822 5929 17836 30069 5436 14016 10694 20635 21851 22655 14520 5829 26201 8236 15659 357 
21425 5506 9653 29995 22691 13348 8087 25689 14919 21042 25553 11340 30055 25866 23127 15358 5262 26083 15760 1728 15057 6992 11877 15504 21374 30244 22146 1280 10467 2368 11052 12019 1390 11207 10795 7654 31532 14733 27804 30599 18504 23623 25946 18429 26373 32535 19145 30734 8678 4605 
8836 32392 17702 32459 27556 15645 25549 18405 25954 19934 8631 4608 15440 3768 9944 2578 8665 18772 11266 11632 15906 25099 3659 8072 28855 19854 9152 30760 4008 21758 25081 7947 25074 22830 25700 22282 18522 22065 1934 2843 21711 5212 15959 24753 21963 22460 17575 5713 15230 3955 
25811 2959 17570 15192 5545 31541 10672 14537 8068 25169 23725 20430 5741 15103 21249 4358 9920 23859 26234 20218 2054 3614 19719 23207 32594 2715 25900 6886 27535 10139 19402 11591 5847 27904 3640 7418 499 18020 18205 8790 5379 25252 7075 10312 18620 12405 1005 6732 26259 28128 
20034 4459 14520 20535 3512 31876 27937 1726 1387 1644 9867 12268 26158 22692 7299 31089 17558 21733 25113 30477 14585 26486 11842 9400 28007 32580 5065 18428 19843 30956 10780 9120 14200 17941 24466 12533 190 31711 6476 29811 32262 24779 4045 8489 11887 7117 3471 31588 13533 12890 
468 26000 23021 8024 23451 22769 9664 10417 28874 22829 11926 22257 3900 3845 24830 11227 32711 30911 16713 30150 4532 16412 8646 13801 31659 7959 32153 27784 27212 22047 10943 30438 27949 18030 19551 19555 22243 22837 18320 10882 375 14879 15658 22653 13482 1835 23068 18481 5181 28655 
10544 11794 7705 293 17750 3849 18812 13494 26906 14678 12763 7453 25103 32481 26846 20101 7057 23217 18193 3425 24824 11238 24148 16782 14037 7365 29865 12091 23046 22810 22767 15203 2240 70 4430 30870 17678 7113 12781 21164 3975 494 20188 32122 25688 27257 10238 1245 508 13522 
26942 19323 26835 28060 18397 10389 27306 19212 27810 9130 14494 17220 31460 9369 18879 27822 6585 7779 13973 7316 11590 27351 16672 2388 20920 22707 9358 23470 21000 24991 23561 26452 8014 16479 10843 7891 15862 15043 21825 12543 22680 15989 26785 18567 15859 16373 24632 8867 8844 15482 
5369 23384 2270 4309 17840 26416 22628 30361 29489 21914 31435 15793 16658 24623 30896 12807 6852 12715 9425 1071 10296 29108 30753 10991 131 14376 25346 14298 4622 10066 22067 1887 27535 18708 22311 15804 28068 28751 8358 15891 14210 3889 3243 9463 20145 5746 25814 21402 3833 25676 
22848 20112 25813 19266 21722 25882 32748 11198 28353 13617 24508 23022 2322 521 17981 10556 10074 11279 2303 25347 1203 7662 19570 26515 28664 16211 12360 27379 794 5011 10012 20518 15245 14773 6771 31612 7172 7220 4207 12099 15340 19046 15146 24990 28717 12717 21982 6124 27560 8952 
27703 29516 8103 11551 31344 15588 17019 11552 5832 8625 12288 32451 9893 9144 18140 13415 19791 18504 12675 5309 12524 8661 8218 3355 31577 24989 14847 25173 24092 31160 28303 5153 32732 17420 11212 515 13045 4957 11610 8430 3702 3543 380 17111 20586 14155 17725 18854 24899 16561 
19863 21183 5646 26163 17333 16561 13468 10920 31262 18253 12342 694 14576 25999 25864 1362 5940 14093 4285 6658 13058 1367 22510 5976 21033 23541 24435 16074 7361 23368 5391 2479 31682 21377 1771 2506 27773 30287 13031 21762 1698 7200 16739 7757 17948 18131 13032 26880 21795 25062 
14089 11928 12724 28471 19749 25567 16334 4892 11903 8863 23961 31452 8028 19143 5224 19945 5267 32125 10297 697 4993 3486 31218 24869 7254 16505 3479 5575 28241 3412 17814 8684 25336 15546 12663 2913 23477 845 28418 20714 10360 31303 707 15266 28420 21231 9959 2196 9632 18690 
7286 23504 24191 14122 5257 9549 8903 26168 29056 235 4931 1664 8672 21638 19260 795 20646 6269 13688 1070 1430 6217 31322 10808 1357 21532 4125 26524 15176 23321 21641 14301 32624 23081 3448 7349 4730 27362 31400 913 11549 32645 24129 12202 20353 18806 14690 29460 27713 11572 
25689 14877 3318 10823 18292 31603 9692 15795 24998 21457 21433 16641 29662 26469 17187 10484 9430 8997 3116 769 6385 5272 15655 4400 16791 12278 21736 26004 10475 8395 15731 6685 4325 31972 11422 25726 32610 13913 14254 31317 17670 31096 14539 28013 32014 9155 27143 12873 25094 2438 
28985 29384 14758 27429 13558 26318 12443 28545 27474 1395 13306 7395 15867 18874 5831 12322 28863 13553 16124 10111 29553 26761 9921 15604 997 9091 17460 20614 2183 26356 32707 28075 2165 16135 28471 3760 28068 3630 1594 8684 7474 21695 1212 23574 8553 6931 25004 6111 2985 23497 
13536 14870 17978 22684 2581 29573 2929 5823 18216 23902 10297 690 13293 6435 23242 17780 11213 28422 16691 21482 28796 25189 5435 15434 17289 1448 23367 31218 20597 10187 25954 6094 14719 10327 24971 9053 32363 8999 32595 20990 5926 29470 15180 19400 25645 357 18210 4571 3040 32479 
32682 4286 15859 30146 7595 3472 13784 30844 17553 18508 30311 2847 23973 27747 26129 25238 12074 4878 573 28976 17022 4573 19700 19411 16973 18846 20686 27016 26714 24907 18032 24007 157 1829 27467 15698 32676 26649 15545 26305 7984 25301 11617 24461 31908 14783 19394 4938 14641 26119 
29828 14457 20994 6052 7739 10073 4131 17274 29650 20923 36 10833 27719 14125 3693 1511 22274 10372 20012 27807 32501 31689 15583 12277 23333 4531 13411 2870 9315 15806 829 12777 18298 11841 10226 941 17639 27817 15090 7326 22791 10880 10379 25314 15907 25896 24919 8655 13830 3355 
30034 8126 12386 6527 5700 30671 3119 11805 7528 1379 23724 14798 5529 6469 61 6401 24915 26692 24293 25755 26807 14298 3880 28209 27143 3540 15958 19965 16361 24264 8051 25746 27371 14864 10666 25579 6942 967 6267 27439 27734 25186 14927 29467 12352 2546 17707 21495 28248 21129 
14604 27312 27107 2209 20140 4605 27601 8970 17227 18006 17453 31583 28793 22666 24795 307 27329 28050 22875 30567 26548 21884 21100 19432 21864 12096 1876 21895 11200 10671 18015 27855 5642 18220 3145 18757 31131 8360 18491 7482 4745 7508 17951 17699 6193 13618 6158 3087 9280 3844 
32300 2844 31157 5888 28639 21499 18257 19376 24275 20574 23795 23759 9059 12368 25433 6497 20999 3493 23360 23832 27579 4610 7934 22656 8133 7836 4602 19604 10713 1188 18378 785 13287 32537 31471 12337 9938 30380 6412 31402 17285 8648 28268 7398 16177 7661 1200 7563 222 19583 
20864 12649 4432 8635 22333 17347 10721 15653 20380 28270 17555 2500 15510 20745 22820 19596 24990 29702 16326 3737 28916 22804 11184 13313 19537 23279 18088 28968 20098 29174 31553 814 7068 30793 14330 26734 15074 25442 1244 14996 30289 25346 11555 16443 4753 1655 8813 22220 18919 13961 
278 29407 2184 15276 15444 26182 7584 10764 26353 8981 13822 19565 18230 28416 27548 2010 31523 13442 1578 13937 4899 24566 26524 18644 19028 6705 2274 11667 8311 18227 21295 23310 28239 27385 18419 21039 10646 6822 14764 28637 11558 9212 497 2413 29777 10839 23798 10052 23401 4191 
25947 17525 17050 8549 15415 630 1001 16309 6385 7185 7852 11399 8200 3751 21664 16068 11558 24425 30434 21678 23808 4813 27733 1238 28603 30998 32045 3513 3421 32273 10114 10019 5795 24796 23634 23332 12653 25495 15062 13832 25101 32316 10443 19368 17367 4241 9863 14817 5042 12105 
23202 14037 28491 22062 11904 10044 23813 20642 1329 21600 28352 11894 10770 3301 10621 28151 14720 2791 26990 8165 30478 30509 15550 12499 7246 18133 15895 16065 8459 7501 25168 4931 4290 13783 17375 3899 9934 13905 31377 31105 21371 30132 31108 24522 18084 16622 2116 14059 12161 5131 
9830 19984 26839 15913 31527 1629 32143 28053 6310 468 20130 13493 23739 15975 20418 13416 12369 9656 2427 6367 29251 28542 23386 13856 30618 17966 27916 17458 15543 15134 31770 24192 31845 99 416 22611 27832 24792 16772 18780 14395 3368 32428 4788 29618 20716 30628 8850 25802 27407 
14472 7928 14160 1282 10475 9033 12368 16828 24465 4150 30092 20934 17453 23656 16143 16368 5507 8401 27381 543 7207 22610 18772 8114 19270 25097 276 541 18603 13090 21051 10569 12452 20259 8642 22973 26864 24149 19904 27908 17195 10178 14160 1883 20271 18477 28376 19350 4500 16887 
1389 20990 31892 31766 3497 12370 11248 30478 2017 25858 28142 783 30169 6658 8893 6608 32178 31502 23756 3899 2163 25407 25473 20251 28620 28558 28281 9918 22342 23788 23435 26486 11581 18570 32175 15231 11434 29640 5241 24434 18177 14159 2771 8400 16306 13697 9465 19750 13709 18672 
16105 13890 13598 2599 2366 19193 29154 11582 16065 9380 26538 30712 11602 20477 601 28430 23563 5064 4884 13301 4234 5347 22711 20336 11851 2738 869 8464 18178 4975 15177 7282 9236 30530 11515 8687 17875 30069 31210 6509 2413 28567 16545 20970 3758 7889 14550 29360 5666 16222 
4240 31955 2966 25424 12556 7048 20544 20097 30571 17304 217 829 19181 31963 6628 2844 19500 25892 24069 9067 9991 10970 13077 10449 13700 20964 10587 22956 16836 10989 26136 6208 22378 29393 22773 697 7725 32061 31857 29036 8489 12362 27563 27717 14602 14940 20217 26857 32559 7919 
27921 14831 31537 6030 22726 27809 14630 10290 25025 7187 3779 20992 21957 5187 12833 16377 14103 19434 26737 10791 6007 16465 23793 24196 22425 12457 24117 3829 13387 25383 32040 2900 9357 2783 5631 25289 27392 24351 18780 8916 17864 27489 26955 17803 7022 24760 13837 14771 3427 10055 
3084 10894 3464 22138 30472 9825 19598 9556 32541 11096 19413 8445 31599 26285 29144 14723 20874 32315 17006 26330 29490 25155 21806 28938 1812 28291 12457 24585 32203 19226 4541 26565 20422 5824 19901 14330 15815 14642 26567 9034 8942 16935 30823 6143 30172 32439 19758 9012 12462 12085 
599 19599 7535 24838 17229 11025 13910 5187 25544 27355 32319 28081 19609 7824 20784 8924 11760 11644 6450 30780 18304 8735 27379 8766 15217 27303 14150 19202 12783 5 24361 7827 19047 23796 32111 23397 8384 770 22085 20466 2580 5572 29279 22588 8989 14810 21026 11636 9721 12175 
1852 20488 25838 12844 11997 15439 23007 1354 7860 32336 5458 9994 1071 15995 28955 29865 9090 23965 21652 1121 11579 21116 8012 24798 1970 4688 4773 3407 16399 26141 21283 31831 21122 31476 32439 26201 28698 30580 30699 2080 8949 1848 26881 1567 12745 11943 11479 8255 11541 24112 
