-2021863381 -135194048 1927715659 1574249289 425622915 659576807 707170161 757548195 -1065621442 935853545 -2022880683 -44624374 578289129 1059793286 -1768329213 -199431247 -662094947 -1073743212 1188802082 1491847825 1975506768 1194265164 -954925377 613747835 -1137018625 1713784023 -2014378830 1793489088 -2040151966 1555955479 1861354081 -173170007 314680502 1761669668 605477252 1444055567 1864189841 -28309211 -1176653725 -1790460630 -293243280 1427937935 -2101076068 1240630446 -691416029 -54503887 1948569957 88078232 -1883719513 -1478569744 
2110627591 -1996896645 2082448397 -1686151761 122148621 1086584557 1207036316 686778657 -1834417434 1886704874 -1314316869 -775188848 1467794483 881864866 -1295871470 -662597492 -308290218 -1110502610 831619196 -68432788 1582255814 772530414 -1376843010 795663632 -1722027386 -2007308548 1305355036 -1740871974 1561523833 836544433 -1226853044 257102474 750262891 1885357503 1813980978 1285743076 -749714525 -1413553400 -1117384553 -1751752695 -899146899 642703416 -1196647750 1801863859 -907152630 273185914 1289558248 -323930929 -1432964204 1522678552 
1735854479 1566315436 -2118459839 1155390552 -199759205 -94169941 1831829482 131988705 721559527 285327790 1451143435 -44923541 61530859 31875693 2074489273 1266547682 -1104999757 1202926531 -611846510 -1519101515 1337856672 1185029359 -1783303779 -956500856 -2067999659 1942939545 60630506 1223292287 1283336780 1069649576 -365840930 -680018010 131935798 1455957517 53743672 1537499750 -1913285188 -1066061378 -1437544334 1716401699 204547096 862705075 2121633995 889580292 -1816111683 -887720123 1658629705 -585776336 -1551456624 1597282806 
-163292440 857561215 450544953 1889903545 53580221 -710268696 1315863670 294791259 1487494505 46690201 873892567 -178138071 655798390 894251665 1735789979 -1179422795 -1529637270 934610477 -1567810614 -1085887095 -312573571 433510376 -1625250593 -1871877805 1470078495 1662287741 399075700 1439796904 927096355 -19713963 -2073777367 -779414915 -580486853 889068012 -821512995 -29505620 1449681580 -1641681174 -1639023712 2026851352 -1215909428 615976146 1321364779 245717182 -2048182075 -839143789 1743333959 -1626943178 -1476229602 1010631003 
591964040 1781502131 1582817256 1910604392 -847145728 1246200042 1809752160 -255114062 1715841612 443700509 2045914033 -272319159 208809082 -226030453 1708080932 16145167 -1238075525 -1998707362 18882610 -85331578 683193587 1108445727 1708631344 -268213247 -1659421487 1971927418 480809723 -2077471039 277728076 432292919 -1623018028 76214157 347373069 2010232864 1318262068 1752358864 -1713066462 1926288427 -534223154 -1539520083 -683449475 1503700777 1451780414 1937084013 -1816588710 -911046307 1228340225 235384933 -280912492 1119719599 
770749780 714620829 1567165395 2140378642 -1454812398 215812641 510434408 -243085572 440767716 -243765054 321927781 -1363528693 635246248 -1405612782 240798486 -953963973 -659256740 -2011969248 -876458388 -97611639 183957000 680139663 1623819031 -847730591 -1269502508 369270548 31948344 1017455493 1848303638 -366642035 -1981234642 -965141441 426151649 477604256 -569398110 -692588519 1233401642 -1385091681 -1786827511 1139709900 -868006061 1201150040 895895196 1075950700 1924134126 -1172261740 1039527912 -1062957442 -1431111995 1286226446 
1324702826 -1697288061 -1659418502 1592925190 532280426 1010519405 -1336688893 995815809 -966106353 1871294782 -1418667265 1062946263 1561117957 1250265947 -760416256 723787583 -372499634 -1372144740 133109528 1104638782 1552842078 1068420102 -443618589 -272636524 -325109983 -1976611263 2101555438 -1078413662 -1421101753 926354419 -1503789200 207684346 1324484070 1468547015 973352741 1821956597 -290767571 -516231688 -161166151 -1974024355 -1036905341 1267274307 -1890738192 -1578786995 -869166711 -44759926 -1252628425 881391799 -727458329 -1240626178 
1213970496 -104817522 890365646 -53340811 -1770410330 414139043 486368358 -577803411 678369509 -481068141 -92265750 -1713738576 73478805 -335368620 1844438614 -356771327 -1866459373 1819254965 -280354720 -1058439899 762535135 -358991619 426767972 -1821230346 -1636957752 862436561 33866416 1145641881 367108163 902731285 1903582996 -416120109 -1285834096 684568280 -588177964 1764136252 -1771364514 -1744874206 1589316343 -1839933550 -87904436 889604955 258552013 1416255008 -1938070746 2002468348 881520830 -1099886431 -707416316 763123098 
2077735036 -1327445194 -1337598204 -1443397491 1480293498 1754271213 -1156940355 -1919840995 -1439355688 1808649654 2025785352 1624022350 -1902903763 1756115886 -938757514 -2142143348 1571967266 -556613033 704007137 656143697 2142186885 -1086384985 -630184453 1470975968 -551420437 -1658659950 -1813113994 -1033557011 -359193033 -1622770853 157027036 1251688210 -1768418737 -1847661524 2025853315 -2059943529 798154819 404089762 75669695 -1118710337 1186916120 1881263187 -2015833479 -1638300786 -558221371 307976451 -1080715233 1599514220 839503012 -950120354 
-1939472183 -2024433703 -1689865045 -1591243879 -108872964 2116674419 2093018462 823276863 903227462 1376583704 -2133713325 -280789027 889519778 -527884709 1796464481 638254162 -442979185 -1086210427 1131903669 -1080923913 1181088761 1418232092 2145518747 -661367072 -1259737228 -1524756186 1778696127 -1858817486 1503489790 1923312926 -706701607 -59528833 -360911740 -1301664719 1554966957 1437763194 2002152370 -748910400 -1665208396 2057518249 516465468 -1068288899 1332058537 1912415464 -2006871245 -1251109224 800142950 871493526 -620414254 1742671443 
1000086434 -1869974288 1550140273 1514690141 235308100 192802377 1250968598 933818557 -1838466795 262940424 1839184534 -320107321 517492313 854603429 -2075355677 -66894628 -200182859 1719063623 -529237401 -1065899067 1019118834 1469064672 -1353802419 -690176717 1513171340 1608079459 1706612347 -2110643957 1357715543 1278651660 -793679815 -88914715 353754143 2047467850 774553477 1842398749 1586691353 -1609850674 -1038371242 -1367078106 -319327125 768086425 2114770898 1613992025 -925663210 -641207743 2045554366 561228965 -1669712591 -2085926475 
1849957944 1146827546 -1853120269 -1637672855 15112542 510960788 -1732932967 1585395917 -1403244959 1052929881 -1888264241 -212818603 -2094387743 308098052 2087654422 805532260 -385519099 -1090668243 671852754 -1082313650 1257892705 -1760771659 -554909185 96061916 -1220555414 -1680504296 217617987 2145238081 1695111113 1635600705 97845186 -725489812 -521959675 1822891476 1341584175 1492954200 -616250633 -418905547 -1094366422 -952678499 639198788 1761950563 495999829 1702643313 -1270101795 352769154 1421673268 456335311 -948527461 1212906439 
857282399 870072656 -1721603702 2018173308 -761757523 371887238 1517415951 -288659249 1230332975 367469769 869991810 -237173730 -558714411 -5968934 642614699 -1142855005 -876924698 967165822 -461989096 -119611227 112072415 -356640624 1856112408 -150007601 1760593658 1326599206 69603172 1429990386 632170123 932016768 -1838244386 -537079371 -685749384 1084426183 -190755774 -196275003 1434692532 -981956089 1652343433 494190531 -1520226155 509608207 1128827435 418994512 1013992590 -1190559427 -728949298 -1468235844 -2134387996 1124981778 
-1724293655 181864104 -1209003707 2065903173 -1876703060 -1803747250 -1292132217 -1618132618 387105195 2022636956 -1219265797 1118999285 -1431879721 -2117583093 283362921 -1980453403 -2029454627 912183642 -1786646146 610401873 -1999824246 -1018593158 520311540 1096011157 92856603 -1533663754 -1780567697 19376556 -352299900 -625868554 211387924 1560824513 -1324445299 -101307969 -1639678130 -247724477 -634685923 -203569618 -194463695 -727675333 -2122966542 -910619585 -1721142029 -374778013 518393118 1163103032 -260152157 -1373766851 1129943205 -956640629 
633481122 1421826044 457153654 -665530338 -138119365 -347108149 822324787 -146232407 1459419107 807985459 1930726991 -950016730 624600884 845771150 -1747270189 -936795262 -1187357682 1660539035 -1023415919 -945307497 1313598804 517226649 1866178451 -688891879 -1813901980 726306181 341468084 885542476 1282489692 185777239 2041598571 -929096694 82809195 429410897 -306946386 1322199569 1846574875 1814386324 1356794289 1343125730 -761052783 -259564634 197792583 536929348 -1677624585 -797744764 1039375400 -826331839 -744062354 1088805303 
387168624 373725990 696654316 -71691334 -160160280 -274266595 1295284299 49571576 1292115523 -1182947269 1113351283 -290117302 -122342535 -1268173871 616447775 -708650533 -674633353 -1468620147 -22750271 -2057105628 676495308 688759721 1978268530 -1072544813 -1891676227 -200367155 -56534595 807605662 1176360917 777159685 -1145302526 -1143207583 -979506983 1164406784 -1230680854 599525808 1317307096 1527395023 712535639 574523230 2031216056 -473081030 -957003330 815073370 1249929598 -1479473159 339341331 -1187075153 -2052504139 1168085142 
378341195 918078161 710077110 1573650344 926117789 -1361299797 1539812866 -52660741 -1783148088 1579355597 1990785214 -1251585444 1174569783 560968655 -1138808765 -1864314582 -1666955151 -1974936507 -171095569 -622370903 749263221 -24101095 -1796895558 -834135150 -1675383766 1940569032 1096196605 1625692161 775438829 -383534104 1987096138 -1382640989 -795993944 1376622340 221402888 880372354 -1925266085 -1577982442 1315129307 1302138360 1840705543 -1148940208 -1394413405 603422068 -2134892519 -328966199 931066271 -1501272539 1809109424 421845643 
1546917634 2078177315 52148946 1864473601 -135424538 27682541 981949949 737575596 -2100268921 834393896 1005408815 -897210246 1509568128 841633929 946475982 -646007895 -1210008056 -1875375295 -481496944 -342601267 917784631 614331475 1806473964 -1246858962 -1712184571 2046885014 1725607257 -1598140040 -1777419962 1252968937 1910993342 -1139881588 363816682 782231375 -572314897 436759312 1621193345 -1369507901 -1352096398 1861084069 326358801 656540239 1086571950 -1560601661 -1527684130 155793202 1594523440 694081321 -503791349 1216670099 
1326711201 612718411 -1738330416 1212313256 -764086667 1521194893 895140569 46501988 231761211 -598850783 1663952121 -278835531 -164535092 -1787431927 543094605 -123053223 -106859444 -1648109380 76469131 -659086233 -520899160 962372602 1794332256 -333703530 -616377795 470136632 90040606 1859310359 1914806619 774435373 -1910628809 -858984324 327687346 1056329191 -177669779 297304057 661677340 -2035477504 1836542557 1646171728 -681502186 1850885259 -381161783 687566665 1982098662 -1667813096 135648024 295113441 -1126973953 1174403652 
568124890 2000807192 809932698 -113800396 -437160552 354876670 65127887 -1074965413 1413904250 -360585684 800608046 -806130617 -573752165 -881747299 538455561 -1940041330 -1418781756 1491800502 -742659493 -1395063315 479480094 785488010 544579384 -1351481175 1683008675 -541378315 -481880621 946378800 473798587 136460165 -1875031916 -1512264463 108862623 -431238264 -283345101 -1025150432 1798985719 438693351 1271616151 -292967049 -1479339412 -635328584 -432379045 -278363352 1212668602 -1511726629 622913073 -1381025453 1247914876 1665775544 
206137008 -759950925 391702194 342480333 -846323329 -344327996 -1056669953 354150564 -321180381 -271551147 687845072 1699302874 -597710610 -1594755651 774067857 -1463117370 2147403414 1154008193 -898895836 -1796704225 -802697317 -1704781359 514087981 2025624078 881267079 353828614 487487475 442121333 -566745477 -418514342 1515529773 1692256863 1678282982 -135773861 -283228732 -756502699 580236266 -1873944119 495622306 845279787 -1439233753 1422458229 -1878535391 -721816450 1485429044 -1824355493 -380294838 -687055972 867329908 1200922766 
-303964853 1144808190 -249502786 -121579309 -1073926611 -351786628 -723518972 -351208934 -1728239009 -141065389 1090273590 -1853143938 257917653 -1134381799 1735669247 -966723240 -1550330310 1509871648 -110088111 -1128206190 -294636247 -216629292 1422475087 -1489326163 1803036678 -234266460 -37022051 403395038 677041483 -308356927 -2112975440 -1437491840 -546712860 788696393 663121925 786015837 1940274777 1590985147 2085345370 1634856923 -1269169840 386074659 271895599 1223463694 -1425965417 -1509562571 1594070423 -1527715939 1925915674 621230592 
-1523858744 543113909 -557478916 -184412946 -1320657286 -834361233 -166508674 -739800124 1786052392 -1806317261 -1447813643 1803245360 -1107727737 -1770881973 67469272 1831100620 1736685099 20898600 2016769045 467702659 -1963558422 -812598819 -55835587 1795553279 -1025531688 -488684656 -914420062 -272900494 -879479722 -1423661991 1452083423 1814833369 -1474528149 -536040590 -770529214 -1351226198 928293386 663686910 869968906 -53439923 2142695888 -684674208 -1094575209 -247194442 779383233 1731899949 -193090539 -1849088644 1570108863 -543448177 
2121206585 -858634156 -289946653 -302037540 -2009493501 1068702980 -1002071313 -655488389 -743161044 -1546191106 -1598469375 1413481356 -1554232851 -1695295494 -1152695613 1408967193 1364145270 -962540851 1209091915 1494474687 -1049549943 -1709372309 -154646245 1229689862 -90151816 -889728029 -282461681 -944291777 341739830 -2118215914 244995495 1387811237 -2008412030 1957969058 1346088519 -2062550974 -589471906 911753170 567909141 -158043026 1401953432 -1484566465 -1093087227 -824943758 436813783 2100227778 -234151118 2096552718 1591202435 234689019 
906961990 -1031778976 1997804289 266073493 1595957019 -64177714 -461943594 -995043772 -1109943088 -451889230 517263381 -1934559688 -1403576833 -1886208702 424041994 116042893 -2076237555 1812143799 -718955301 1972907422 -512276943 -799500290 796835155 -1334128868 1066495470 228650507 -520128805 491432035 485226975 540022403 1266079651 -551085702 -1613348239 167105553 -286705139 229659590 1489835998 1507675619 1584060405 101010797 -1818025905 361734552 -168858376 91694193 122473558 1845165322 -1020056212 -849423441 1642583761 731345182 
-683185308 -684784757 -1426091593 -463458254 -1957899723 -506161372 -771250010 -1870365594 1792849520 -673409149 792396779 -1768711229 -1585457277 -1539599895 -512843538 -1472955634 -2118449383 1224339948 -1034544118 -942095228 24790300 -272648731 -152302318 -1053137138 894812870 -1178246860 -1377352258 976081264 953609077 -1313502229 844834154 1485663419 -1312619401 989822168 -725406477 -88755440 -682598662 496503895 211702517 201258840 -2141036125 -1399244054 -249857481 286534537 866251595 1257635154 -363835499 1758864688 1584027584 272324528 
-612643276 220145154 1205162456 412097559 -1485201742 -609315177 -777501885 -617409503 662901268 443580224 1226903376 -1471510335 -535774090 -1216416431 990480645 -1055189306 -1302942960 1087581405 125712865 -1114250159 562774827 851527110 610420695 -637723674 791628735 647941868 -986615225 153212922 244382322 -952473597 2120602841 1807042289 -996695069 1482237352 538434560 8426735 -109115174 1786942920 1917979653 1282795365 -1014819696 35008400 964002183 -537743652 873002542 -1971191677 -650129508 -270452813 958338268 204463619 
-612855373 -1563896443 -926616857 -1923727386 -1660877898 -1165088608 -856948341 -1896545498 271380440 2115721599 -649130620 -1826168976 -2138966884 1907802505 -569624267 -2027722549 1344285898 -133261564 -1167014424 2121826670 -370184255 -1629243194 -30116892 1207748516 973363591 -1449092136 -804027800 -1105091845 -423026156 -558481920 613186584 1446614542 -1635520976 -760975044 1117483271 -450884227 -1608551654 866390033 -68293735 431648291 -1854094176 -1012915142 -1416162865 -567644212 898739741 1872765143 -429137313 -1970573341 1601980404 422669103 
-1979354457 1637310631 -1359047277 -1489656440 -407896007 1719525496 1240594755 1371382303 -1209950896 1736558725 -1139499663 -415794973 2123114130 551027831 -1376221866 1586056432 622693239 -1095414831 878739100 522493947 -871037626 -1049843075 -1808299831 1026963899 -661132479 -2006946412 -2081921254 -1202971572 -1909343837 1983413310 433476967 856462898 96851294 -1515073661 -2035458810 -1176588066 -719569247 -1129705421 -1361677317 -173650627 247008600 -1860119368 -1349660692 -1122002228 -1249088038 -1222184344 1949860133 -392502978 -259106842 -1996791929 
1716448478 -1992452366 -630902928 -1004210734 2133585414 2069627838 8195323 1353750040 -878492352 -2011257423 -762631793 1970907001 1985575989 -1564120706 -625162557 444858570 1598565999 -1620827578 968873811 1931619097 -1736352027 1961127308 -360562180 -1914557111 -1413565449 -885984963 1075930656 -1187582985 -1948133886 1105917645 -542863306 1359198746 1951815086 -1109695133 -1975686951 -1828077290 -1130231359 -201970314 -1616271791 -883843357 -12980313 1137252903 -818775322 1461529015 -596189508 1302861052 -1724857644 277503995 232057949 -1115434531 
478265721 1105558812 811713887 608671495 -420145266 -150280350 1141443947 13681474 1711536215 -139315100 305834520 -203885415 -276230148 -820170486 988243493 -1533501216 -1045739222 719710419 -1441139515 2108113483 -891274180 -79029048 1279563624 -1518376114 1270482350 1373577037 -1230860592 1215503518 134647517 -388037506 1757450101 -1870425150 -182201742 961224674 -530657204 -549919921 2080177058 2112805825 1680113078 709992937 -1003574692 803016213 388337090 1036739169 1121299112 -1577872676 995012414 -693603353 -1322808059 -536172388 
1632159008 -1243683715 1898346351 -1026020657 1145721663 1425570346 -1603347948 712408745 -984623440 1679979078 -1989239309 826524912 1208377463 1092341348 -1745088076 1235468894 456948251 -1404490966 1173992055 1912088138 -1730978911 1939491120 -941703831 574799627 -765309044 -1117754818 -2079734533 -961167171 1997101821 1275619784 -415179929 -552488896 -2021576824 -1149607780 1719346668 -1957445016 1843103600 -807051961 -596684929 -1278357889 348858104 -1714005667 -305073657 -818200696 -1100376512 550233993 -1707873042 1278522770 99861480 -2025405843 
1708307389 -1623041815 2059284760 -2026248989 1387107024 1492683727 2120497828 721004861 -190638124 -2078471614 2087940504 -199918119 809757108 1808137554 -1332063781 -375804532 520497246 -919493508 1311204167 -1285122805 1620950145 1693982385 -476644237 1290463508 -1821827918 1878256171 2114997434 1932547090 -1932859264 1548892182 2886969 -1489884902 943197298 -710641133 1690826877 663657139 -1759485532 -235002905 -1077100110 -1687874934 -284109965 953326189 -1556562590 1414963874 -819466685 -41326207 974147945 28967491 -1614117795 -1944469392 
853341748 -2125060444 -2104151121 1180813238 -575330068 285532488 1272876750 856871782 250548428 -47549880 1609604900 -263863988 1185426077 -162375606 1499759680 -368040999 143660322 -1617146749 843250882 -97192458 1442282214 1453334141 1605644361 -943967050 -664817137 -1685250931 1795781519 1111286780 1308966932 1068365119 -1215855909 202044315 730935748 1591038964 894213097 645045877 -1973705282 -789862182 -1404350391 2104614917 -890786975 1224713893 904833129 1289586493 1715212418 -901060137 1448218808 805679493 -1119333440 2137514345 
-623005799 -199597171 413855629 -3490661 2136490712 -1197865187 -45252212 -797102869 -996579876 -1195355441 49960645 1539725042 -861620605 -1702500285 292443243 -1434737704 -1854920640 1565341015 -503457777 -2040892933 -89219505 -1058972301 548039867 -2072158793 1515372504 -373066902 -216602832 -691592863 229239981 -762114704 -1882289794 -1705439535 2129727768 -180399460 -651832174 70339827 287978406 -2029890462 859963951 298988196 2092768818 147607732 71038339 -297420190 1022214929 2106133430 -432198710 -1432143951 363469057 910600566 
-1953935550 1819216086 -577201734 -2066562215 643086105 1670411717 2028125536 959506342 1965804857 1736414778 -925538680 369116427 752913768 219643031 -1630992661 1193042934 -294969646 -417687339 1039569661 -186431045 1786284364 1526833258 -1663729384 1128745910 -707102545 -1887845901 1379247703 -1676311020 -1400976020 1304451509 -686519679 620510818 1006834378 1353325936 837095271 1477179713 -385579839 -696443302 -210880099 -1883776145 214464678 1560408680 -1796856814 1137886196 -1491671841 -63354406 1553799746 1388707475 -939256234 -1081757835 
-546445100 667460831 1419472494 1326426220 -710234594 -917588964 1159161766 -58986565 1619104370 410613024 2117819633 -2031967838 -527837989 -843872924 1878019325 -1215240568 -2061379872 1606507301 58061317 2145694787 938550402 26940528 -1884662765 -1090844371 2023664338 -2111943520 -304492263 1723482016 549890731 299544566 -1344168144 -1277931242 187526164 893277175 -196706839 805716681 1327101938 1958468728 1766921199 1080720035 -1659661883 -1136259588 1392471227 -379877329 2129898852 -529177479 338287988 -782335168 -957379272 1090143049 
-698907020 86633398 485627719 557363468 -578100716 -1754936729 132697098 -338670123 -176678800 -546171241 1121321915 -1535979470 -1576127646 1411063194 888505707 -919232551 1282944925 1644403098 -926817260 -1712960625 -202425147 -1031710378 1751816918 -1799993345 1428287721 669378157 -182864093 263939163 419185217 -876457112 -1792601125 1491084565 -854331148 631613605 -875340647 1154034044 80007385 1661728767 840081725 131418133 -2008480318 -514565419 -800123415 -60579292 1294958405 -1760723645 -392871853 -1384863315 1573686368 959045464 
-973599423 -728630017 -1720809541 -706397756 1374719387 2090701702 -1944450910 -1206242054 15849478 -1630081441 -451732306 1223594578 -1411763546 1645067526 -871874219 1430791212 1910300512 843116753 -879050164 -2012038787 -322710589 -1012801905 657483438 1843336960 549779771 -63162669 -416186517 -478417342 -488371092 -801337887 570672790 1360933428 -1432477377 -814764655 -784986632 -1202222528 -486328617 1549985 -447168067 -1006877640 1035731377 1785747949 -1383102229 80546090 -66645004 1605526819 -523105791 1758082835 1529185586 -1168354074 
-1257188540 724686116 -1246905889 -706799734 -1580306491 -1077823941 -446252962 -1526309831 -202125451 -702186525 -25888813 -955168834 -523718032 -577979581 -494640990 -1787461910 1636730167 234016749 -1698537012 2085217479 -867607673 -229746448 994999996 1040654221 734256484 -127779081 -89270778 -864532431 -482029672 -1313144078 -446896645 1893543276 -1392247842 -517398944 -1838770983 -1270970919 1201725967 892366886 1551466452 512677641 -1496143528 -1067842468 -792295191 -404061809 909997411 2013305500 526287276 -1725191536 1720353704 -809097062 
733096588 397893866 981578803 -604921521 -715419512 -1337834272 1156802088 -778301132 -280057935 -1087530124 1913607585 -1315472617 -616127482 -719998248 659084913 -545167552 -1691558860 520071968 402692962 -1674460889 1992085582 -481473360 1238266241 -1911077770 -1982246086 1272497994 -134533501 422624131 564180576 -207686032 -1074565985 1609377868 -1802722728 -6949568 -822415563 386825885 -236257872 739735655 395374661 1312714834 -1598659076 -1172700342 701224692 77361279 1573950643 -1191823955 -239267394 -885264062 1312843003 1174796728 
-1744076507 -907564394 -239083608 -1942306556 1976465757 1175646759 -474753064 -1724289711 -268671800 -1833999066 -1161868128 1622638956 -1785070911 1459647920 -445341417 1330544042 1370421001 -513559567 -2070248641 1075186273 -924380995 -1245837689 71089741 965176232 -616976398 -1150280901 1642946029 363374053 -1028789196 -1739316333 80476458 1727326147 1998501020 -1091532405 2027161457 -1565507995 -892737454 -265716436 -325682449 -1865443649 1183548581 1427573273 -816197933 -1739340293 -1185335814 1298606262 -1860558078 1735938559 947201309 -1367400313 
1616746759 -1925049606 -1921364935 -1794917072 -489342927 1047430723 1060555736 652031837 -1214328530 -2107163083 -1975962565 -1399897289 1548505806 1423398081 -1827805671 -220902441 -30419212 -1379669780 1440467740 442931499 -1494435502 1464952812 -1237741786 545984197 -1602282800 -1944469201 -1862624339 -2093253246 1351699715 1169784735 -1655217439 -213538865 248792581 1959014859 -2090088358 1143289655 -1487949327 -1233571660 -1019554364 -1214693858 -273683083 1247121649 -1119519269 -1700810461 -975359845 -194974979 1527715901 169787377 -1249108776 1612946179 
140120778 -188508756 -436943613 -685095690 1770255374 -1367906247 -1170869055 -1715086857 278510746 -906968403 -1221476990 508450880 -1160207022 1965142048 -246727447 -1837175206 2093285800 191193736 -1205646224 -1527118905 63182079 -353118005 -282226349 1935663912 -87404811 -311334668 -995696060 624269722 -1607974232 -1351960886 -142508517 807431616 1700131592 -527925167 -770834225 -1651507747 432696315 460001060 -140257966 -803759443 -1798194405 -655667756 -454045493 115946739 -668536228 761866808 -1321516352 -2055455769 978806167 -1739142171 
1271404695 1477953526 1084522315 1258921419 -91227436 465237171 1213895829 13516042 1834747891 957790307 -1450886705 -246007452 -431055971 417878323 -1606820820 -56178685 -1073754686 -1686563567 155756631 -567810109 811741690 88448810 -1227031000 278871121 -1410768532 -2116492122 1615565812 -1958200688 2008623497 1046064722 -1367317151 -673066835 1076283394 2035315403 -14054474 1676308144 1019950102 -1725167136 -1722162223 1993954542 -609543297 106459174 -1554885086 757895741 -1629002605 -945451118 1023300377 508810541 -882340664 -1530311651 
1678876336 -2004557911 -1450740786 -1914449485 1239227997 1311878988 -1629857856 2010850202 -587079669 1365259502 -229566929 1003352661 -1975455649 1830881831 -1456948188 1577730678 76076873 -1203502160 2101928721 -544991115 -1492257381 -1029192787 -1268428349 1091356267 2130816949 -1581173848 385137125 -2025653930 1621645722 1797143162 996815197 507572000 702266097 -1453505922 2105247624 1631672834 -381888874 -72853505 173507720 -917280841 -528396089 1312835729 -1729270586 1530827095 -1126387050 1283098949 1988642524 712300673 -1762513120 2143682160 
-1108744558 742717337 892107252 565903250 -1324030202 -35608083 137779702 -1252618236 733727454 -181262065 -278044832 1992741772 -922293111 -1406293942 652001792 -1471522446 -2044411874 1805327734 -1354738393 -2018473730 -1074503781 -475105507 589495606 -898974267 862964210 -240850788 606954619 1328960790 844959382 683844753 1211679605 -35534558 -987233670 -535406113 -918510292 483020490 960579995 1091874431 1317048650 -1003962902 2018271695 -216409204 228898968 -80336960 828104294 -1787889911 -807876761 -1791166889 -1729252899 478557480 
-5592176 1772186359 1647692112 1499438810 157014570 697655021 -2040464512 569757618 -1845596103 1276301394 1599146626 -1456013461 734111327 68179721 1425905276 149974549 -531313852 -2041807621 218634744 1809376203 621038770 1141724890 2099946624 -994834694 1617351243 866556631 528054136 2070727579 1348496089 791224294 -343306695 -1337917398 -575492605 -2101161752 703756452 763530375 1346964086 -531666075 -1783737948 1360289177 -1009836223 1532512036 1776842195 1259095099 -2039768310 -488021322 1371485881 294293 -1999266438 1679923967 
-707824586 570706432 1515406215 2125501059 -751429986 -452898672 1546423613 603373149 522709247 320340548 1162924725 -801894721 112631890 13952530 150669749 -263183871 -899899838 2145517213 -346138512 -1887931433 161133588 718454886 1648582352 -620151088 -2079631390 1136738517 -324687516 1283984353 -2100706122 366095746 -541538154 -1055260513 -7194572 1415051964 83044748 -65619474 1973482628 -429911865 -1888354937 1259063698 -1966659852 345611620 534900194 290685732 1742936078 -1080009753 1271753792 -734582884 -1471336068 1695837961 
861372987 1377888453 2078945956 1250524780 204963565 455156148 688427536 706973823 -1793316093 -11992913 1964016212 -246567194 -651752791 -881419204 1312868800 -875481649 -806066221 1989808723 164854611 -1822758079 574458670 625613107 -1753790639 -132077965 1680300165 1349766575 272183259 1497080723 163551998 539771897 -643384055 -1902695603 203927924 1734180911 256313389 466592948 -1961580414 2028516938 1540731779 742766663 -1951182558 -354017118 436878490 810466134 1817285714 -817969177 383698606 -434424782 1922303616 944655444 
